Id	Plate	Row	Column	Clog	Scan rate	Status sort	Status sel	TOF	EXT	Green	Yellow	Red	PH Ext	PW Ext	PC Ext	PH Green	PW Green	PCGreen	PH Yellow	PW Yellow	PCYellow	PH Red	PW Red	PCRed	Time Stamp	
0	1	C	1	N	2500	0	40	45	106	10	7	14	0	0	0	0	0	0	0	0	0	0	0	0	8478662	
1	1	C	1	N	2500	0	40	193	227	20	13	16	0	0	0	0	0	0	0	0	0	0	0	0	8479068	
2	1	C	1	N	2500	0	40	97	195	6	1	2	0	0	0	0	0	0	0	0	0	0	0	0	8480737	
3	1	C	1	N	2500	0	40	46	38	1	0	1	0	0	0	0	0	0	0	0	0	0	0	0	8482141	
4	1	C	1	N	2500	0	40	71	59	2	1	3	0	0	0	0	0	0	0	0	0	0	0	0	8482141	
5	1	C	1	N	2500	0	40	25	55	1	0	0	0	0	0	0	0	0	0	0	0	0	0	0	8484186	
6	1	C	2	N	2500	0	40	62	168	5	1	4	0	0	0	0	0	0	0	0	0	0	0	0	8493641	
7	1	C	2	N	2500	0	40	29	50	1	0	1	0	0	0	0	0	0	0	0	0	0	0	0	8496606	
8	1	C	3	N	2500	0	40	256	503	4	1	3	0	0	0	0	0	0	0	0	0	0	0	0	8508325	
9	1	C	3	N	2500	0	40	44	44	6	5	9	0	0	0	0	0	0	0	0	0	0	0	0	8508980	
10	1	C	3	N	2500	0	40	200	429	13	5	8	0	0	0	0	0	0	0	0	0	0	0	0	8510228	
11	1	C	3	N	2500	0	40	39	55	1	1	4	0	0	0	0	0	0	0	0	0	0	0	0	8510369	
12	1	C	3	N	2500	0	40	47	71	3	2	2	0	0	0	0	0	0	0	0	0	0	0	0	8513193	
13	1	C	4	N	2500	0	40	27	62	8	0	0	0	0	0	0	0	0	0	0	0	0	0	0	8521666	
14	1	C	4	N	2500	0	40	34	35	0	0	0	0	0	0	0	0	0	0	0	0	0	0	0	8522228	
15	1	C	4	N	2500	0	40	44	68	8	3	4	0	0	0	0	0	0	0	0	0	0	0	0	8523399	
16	1	C	4	N	2500	0	40	32	42	1	0	0	0	0	0	0	0	0	0	0	0	0	0	0	8523648	
17	1	C	4	N	2500	0	40	92	198	6	1	2	0	0	0	0	0	0	0	0	0	0	0	0	8523789	
18	1	C	4	N	2500	0	40	27	33	0	0	0	0	0	0	0	0	0	0	0	0	0	0	0	8523789	
19	1	C	4	N	2500	0	40	27	43	2	1	1	0	0	0	0	0	0	0	0	0	0	0	0	8526723	
20	1	C	6	N	2500	0	40	80	93	6	3	7	0	0	0	0	0	0	0	0	0	0	0	0	8551470	
21	1	C	6	N	2500	0	40	36	33	4	0	0	0	0	0	0	0	0	0	0	0	0	0	0	8557837	
22	1	C	7	N	2500	0	40	63	98	10	7	8	0	0	0	0	0	0	0	0	0	0	0	0	8568432	
23	1	C	8	N	2500	0	40	372	879	100	53	704	0	0	0	0	0	0	0	0	0	0	0	0	8580759	
24	1	C	9	N	2500	0	40	28	39	2	1	3	0	0	0	0	0	0	0	0	0	0	0	0	8599376	
25	1	C	9	N	2500	0	40	24	40	10	9	10	0	0	0	0	0	0	0	0	0	0	0	0	8600250	
26	1	C	9	N	2500	0	40	72	190	11	6	6	0	0	0	0	0	0	0	0	0	0	0	0	8600922	
27	1	C	10	N	2500	0	40	30	33	0	0	0	0	0	0	0	0	0	0	0	0	0	0	0	8609519	
28	1	C	10	N	2500	0	40	46	122	5	2	2	0	0	0	0	0	0	0	0	0	0	0	0	8610190	
29	1	C	10	N	2500	0	40	32	55	2	0	0	0	0	0	0	0	0	0	0	0	0	0	0	8613264	
30	1	C	12	N	2500	0	40	36	74	3	0	1	0	0	0	0	0	0	0	0	0	0	0	0	8640447	
31	1	C	12	N	2500	0	40	34	80	2	0	0	0	0	0	0	0	0	0	0	0	0	0	0	8640759	
32	1	C	12	N	2500	0	40	21	21	1	0	0	0	0	0	0	0	0	0	0	0	0	0	0	8641212	
33	1	C	12	N	2500	0	40	75	221	27	28	42	0	0	0	0	0	0	0	0	0	0	0	0	8644815	
34	1	D	12	N	2500	0	40	32	82	9	0	0	0	0	0	0	0	0	0	0	0	0	0	0	8653570	
35	1	D	12	N	2500	0	40	23	41	5	0	0	0	0	0	0	0	0	0	0	0	0	0	0	8653633	
36	1	D	12	N	2500	0	40	23	37	6	0	0	0	0	0	0	0	0	0	0	0	0	0	0	8653695	
37	1	D	12	N	2500	0	40	32	77	11	0	0	0	0	0	0	0	0	0	0	0	0	0	0	8653773	
38	1	D	12	N	2500	0	40	33	86	11	0	0	0	0	0	0	0	0	0	0	0	0	0	0	8653913	
39	1	D	12	N	2500	0	40	40	145	18	0	0	0	0	0	0	0	0	0	0	0	0	0	0	8653976	
40	1	D	12	N	2500	0	40	104	734	125	1	3	0	0	0	0	0	0	0	0	0	0	0	0	8654241	
41	1	D	12	N	2500	0	40	43	184	18	0	0	0	0	0	0	0	0	0	0	0	0	0	0	8654413	
42	1	D	12	N	2500	0	40	39	122	17	0	0	0	0	0	0	0	0	0	0	0	0	0	0	8654444	
43	1	D	12	N	2500	0	40	66	392	53	1	0	0	0	0	0	0	0	0	0	0	0	0	0	8654647	
44	1	D	12	N	2500	0	40	25	41	5	0	0	0	0	0	0	0	0	0	0	0	0	0	0	8654834	
45	1	D	12	N	2500	0	40	20	29	3	0	0	0	0	0	0	0	0	0	0	0	0	0	0	8655021	
46	1	D	12	N	2500	0	40	43	158	20	0	0	0	0	0	0	0	0	0	0	0	0	0	0	8655083	
47	1	D	12	N	2500	0	40	34	92	12	0	0	0	0	0	0	0	0	0	0	0	0	0	0	8655177	
48	1	D	12	N	2500	0	40	57	292	38	0	0	0	0	0	0	0	0	0	0	0	0	0	0	8655739	
49	1	D	12	N	2500	0	40	76	486	64	0	0	0	0	0	0	0	0	0	0	0	0	0	0	8656144	
50	1	D	12	N	2500	0	40	27	61	7	0	0	0	0	0	0	0	0	0	0	0	0	0	0	8657408	
51	1	D	12	N	2500	0	40	29	53	5	0	1	0	0	0	0	0	0	0	0	0	0	0	0	8658470	
52	1	D	12	N	2500	0	40	25	48	1	0	1	0	0	0	0	0	0	0	0	0	0	0	0	8658501	
53	1	D	12	N	2500	0	40	73	460	59	1	2	0	0	0	0	0	0	0	0	0	0	0	0	8659359	
54	1	D	12	N	2500	0	40	42	153	16	0	0	0	0	0	0	0	0	0	0	0	0	0	0	8659374	
55	1	D	12	N	2500	0	40	47	201	26	0	0	0	0	0	0	0	0	0	0	0	0	0	0	8660920	
56	1	D	11	N	2500	0	40	34	82	10	0	0	0	0	0	0	0	0	0	0	0	0	0	0	8668315	
57	1	D	11	N	2500	0	40	89	609	96	1	1	0	0	0	0	0	0	0	0	0	0	0	0	8668409	
58	1	D	11	N	2500	0	40	104	737	130	1	3	0	0	0	0	0	0	0	0	0	0	0	0	8668409	
59	1	D	11	N	2500	0	40	67	400	52	0	1	0	0	0	0	0	0	0	0	0	0	0	0	8668643	
60	1	D	11	N	2500	0	40	145	1073	189	2	3	0	0	0	0	0	0	0	0	0	0	0	0	8668814	
61	1	D	11	N	2500	0	40	40	128	17	0	1	0	0	0	0	0	0	0	0	0	0	0	0	8668877	
62	1	D	11	N	2500	0	40	35	113	12	0	0	0	0	0	0	0	0	0	0	0	0	0	0	8669360	
63	1	D	11	N	2500	0	40	27	61	6	0	0	0	0	0	0	0	0	0	0	0	0	0	0	8669689	
64	1	D	11	N	2500	0	40	23	30	3	1	1	0	0	0	0	0	0	0	0	0	0	0	0	8670251	
65	1	D	11	N	2500	0	40	45	165	23	0	0	0	0	0	0	0	0	0	0	0	0	0	0	8670453	
66	1	D	11	N	2500	0	40	51	219	30	0	1	0	0	0	0	0	0	0	0	0	0	0	0	8670578	
67	1	D	11	N	2500	0	40	40	143	16	0	1	0	0	0	0	0	0	0	0	0	0	0	0	8670765	
68	1	D	11	N	2500	0	40	34	90	10	0	0	0	0	0	0	0	0	0	0	0	0	0	0	8671187	
69	1	D	11	N	2500	0	40	84	553	82	0	1	0	0	0	0	0	0	0	0	0	0	0	0	8672263	
70	1	D	11	N	2500	0	40	44	168	21	0	0	0	0	0	0	0	0	0	0	0	0	0	0	8672497	
71	1	D	11	N	2500	0	40	21	36	5	0	0	0	0	0	0	0	0	0	0	0	0	0	0	8673075	
72	1	D	11	N	2500	0	40	36	61	2	1	2	0	0	0	0	0	0	0	0	0	0	0	0	8673247	
73	1	D	10	N	2500	0	40	29	78	9	0	0	0	0	0	0	0	0	0	0	0	0	0	0	8683872	
74	1	D	10	N	2500	0	40	120	868	153	2	2	0	0	0	0	0	0	0	0	0	0	0	0	8688725	
75	1	D	10	N	2500	0	40	1075	8644	6982	14	20	0	0	0	0	0	0	0	0	0	0	0	0	8690519	
76	1	D	9	N	2500	0	40	81	127	6	5	12	0	0	0	0	0	0	0	0	0	0	0	0	8698494	
77	1	D	9	N	2500	0	40	50	71	4	0	0	0	0	0	0	0	0	0	0	0	0	0	0	8702348	
78	1	D	8	N	2500	0	40	28	59	7	0	0	0	0	0	0	0	0	0	0	0	0	0	0	8712740	
79	1	D	8	N	2500	0	40	27	38	0	0	0	0	0	0	0	0	0	0	0	0	0	0	0	8716158	
80	1	D	8	N	2500	0	40	29	43	3	1	1	0	0	0	0	0	0	0	0	0	0	0	0	8716595	
81	1	D	7	N	2500	0	40	21	24	1	2	0	0	0	0	0	0	0	0	0	0	0	0	0	8734072	
82	1	D	6	N	2500	0	40	24	19	6	0	0	0	0	0	0	0	0	0	0	0	0	0	0	8745088	
83	1	D	6	N	2500	0	40	22	18	1	0	0	0	0	0	0	0	0	0	0	0	0	0	0	8745088	
84	1	D	6	N	2500	0	40	27	36	0	0	0	0	0	0	0	0	0	0	0	0	0	0	0	8746945	
85	1	D	5	N	2500	0	40	222	263	38	3	5	0	0	0	0	0	0	0	0	0	0	0	0	8757508	
86	1	D	4	N	2500	0	40	29	32	2	0	1	0	0	0	0	0	0	0	0	0	0	0	0	8775922	
87	1	D	3	N	2500	0	40	81	109	17	8	20	0	0	0	0	0	0	0	0	0	0	0	0	8789325	
88	1	D	2	N	2500	0	40	254	604	146	168	265	0	0	0	0	0	0	0	0	0	0	0	0	8800607	
89	1	D	2	N	2500	0	40	31	53	4	1	2	0	0	0	0	0	0	0	0	0	0	0	0	8802433	
90	1	D	2	N	2500	0	40	25	32	1	2	8	0	0	0	0	0	0	0	0	0	0	0	0	8803213	
91	1	D	1	N	2500	0	40	26	40	1	0	1	0	0	0	0	0	0	0	0	0	0	0	0	8816851	
92	1	D	1	N	2500	0	40	28	34	1	0	1	0	0	0	0	0	0	0	0	0	0	0	0	8818848	


Threshold source: EXT,  value 50
Min TOF = 20
EXT signal gain 2.0
Green signal gain 3.0
Yellow signal gain 3.0
Red signal gain 3.0
Green PMT voltage 600
Yellow PMT voltage 600
Red PMT voltage 700
Signal multipliers: 5.0,5.0,5.0,5.0
C:\Users\unionbio\Desktop\COPAS Templates\USE for analysis_dauer.csv