Id	Plate	Row	Column	Clog	Scan rate	Status sort	Status sel	TOF	EXT	Green	Yellow	Red	PH Ext	PW Ext	PC Ext	PH Green	PW Green	PCGreen	PH Yellow	PW Yellow	PCYellow	PH Red	PW Red	PCRed	Time Stamp	
0	1	A	1	N	2500	6	40	31	52	1	1	0	0	0	0	0	0	0	0	0	0	0	0	0	1210276	
1	1	A	1	N	2500	0	40	28	49	1	1	1	0	0	0	0	0	0	0	0	0	0	0	0	1210666	
2	1	A	1	N	2500	0	40	33	46	1	1	1	0	0	0	0	0	0	0	0	0	0	0	0	1213474	
3	1	A	1	N	2500	0	40	27	46	1	0	0	0	0	0	0	0	0	0	0	0	0	0	0	1216829	
4	1	A	1	N	2500	0	40	35	56	2	1	0	0	0	0	0	0	0	0	0	0	0	0	0	1217094	
5	1	A	2	N	2500	6	40	23	47	4	1	2	0	0	0	0	0	0	0	0	0	0	0	0	1225536	
6	1	A	2	N	2500	0	40	25	58	1	0	0	0	0	0	0	0	0	0	0	0	0	0	0	1226035	
7	1	A	2	N	2500	0	40	65	84	1	0	0	0	0	0	0	0	0	0	0	0	0	0	0	1227736	
8	1	A	2	N	2500	0	40	21	20	0	0	0	0	0	0	0	0	0	0	0	0	0	0	0	1228766	
9	1	A	2	N	2500	0	40	219	295	931	331	41	0	0	0	0	0	0	0	0	0	0	0	0	1229687	
10	1	A	3	N	2500	6	40	22	27	2	2	2	0	0	0	0	0	0	0	0	0	0	0	0	1242622	
11	1	A	4	N	2500	6	40	54	103	18	0	1	0	0	0	0	0	0	0	0	0	0	0	0	1252656	
12	1	A	4	N	2500	0	40	211	315	52	13	22	0	0	0	0	0	0	0	0	0	0	0	0	1259084	
13	1	A	5	N	2500	6	40	25	40	3	0	0	0	0	0	0	0	0	0	0	0	0	0	0	1270772	
14	1	A	5	N	2500	0	40	29	70	2	1	1	0	0	0	0	0	0	0	0	0	0	0	0	1272083	
15	1	A	5	N	2500	0	40	47	69	0	0	0	0	0	0	0	0	0	0	0	0	0	0	0	1273332	
16	1	A	6	N	2500	6	40	21	32	4	0	0	0	0	0	0	0	0	0	0	0	0	0	0	1281586	
17	1	A	6	N	2500	0	40	326	788	42	6	7	0	0	0	0	0	0	0	0	0	0	0	0	1281929	
18	1	A	6	N	2500	0	40	26	38	1	0	0	0	0	0	0	0	0	0	0	0	0	0	0	1284457	
19	1	A	7	N	2500	6	40	63	65	1	0	0	0	0	0	0	0	0	0	0	0	0	0	0	1296128	
20	1	A	7	N	2500	0	40	23	28	1	1	2	0	0	0	0	0	0	0	0	0	0	0	0	1298953	
21	1	A	7	N	2500	0	40	24	37	2	0	0	0	0	0	0	0	0	0	0	0	0	0	0	1301294	
22	1	A	8	N	2500	6	40	23	43	0	0	0	0	0	0	0	0	0	0	0	0	0	0	0	1309845	
23	1	A	8	N	2500	0	40	35	36	3	1	7	0	0	0	0	0	0	0	0	0	0	0	0	1314729	
24	1	A	9	N	2500	6	40	53	95	3	6	21	0	0	0	0	0	0	0	0	0	0	0	0	1324825	
25	1	A	10	N	2500	6	40	21	16	0	0	0	0	0	0	0	0	0	0	0	0	0	0	0	1343628	
26	1	A	10	N	2500	0	40	34	47	0	0	0	0	0	0	0	0	0	0	0	0	0	0	0	1344049	
27	1	A	11	N	2500	6	40	106	750	139	1	2	0	0	0	0	0	0	0	0	0	0	0	0	1353037	
28	1	A	11	N	2500	0	40	83	551	82	1	1	0	0	0	0	0	0	0	0	0	0	0	0	1353489	
29	1	A	11	N	2500	0	40	45	184	26	0	0	0	0	0	0	0	0	0	0	0	0	0	0	1354598	
30	1	A	11	N	2500	0	40	49	106	10	6	3	0	0	0	0	0	0	0	0	0	0	0	0	1355471	
31	1	A	11	N	2500	0	40	26	50	7	0	0	0	0	0	0	0	0	0	0	0	0	0	0	1355752	
32	1	A	11	N	2500	0	40	29	75	9	0	0	0	0	0	0	0	0	0	0	0	0	0	0	1357000	
33	1	A	11	N	2500	0	40	31	40	3	1	0	0	0	0	0	0	0	0	0	0	0	0	0	1358514	
34	1	A	11	N	2500	0	40	25	32	1	1	0	0	0	0	0	0	0	0	0	0	0	0	0	1359669	
35	1	A	12	N	2500	6	40	33	58	7	4	1	0	0	0	0	0	0	0	0	0	0	0	0	1368235	
36	1	A	12	N	2500	0	40	62	88	9	4	1	0	0	0	0	0	0	0	0	0	0	0	0	1368844	
37	1	A	12	N	2500	0	40	33	53	2	0	0	0	0	0	0	0	0	0	0	0	0	0	0	1368937	
38	1	A	12	N	2500	0	40	20	24	1	0	0	0	0	0	0	0	0	0	0	0	0	0	0	1369125	
39	1	A	12	N	2500	0	40	24	27	1	0	0	0	0	0	0	0	0	0	0	0	0	0	0	1369874	
40	1	A	12	N	2500	0	40	94	173	8	4	2	0	0	0	0	0	0	0	0	0	0	0	0	1370576	
41	1	A	12	N	2500	0	40	27	28	2	1	0	0	0	0	0	0	0	0	0	0	0	0	0	1371309	
42	1	A	12	N	2500	0	40	89	175	32	19	8	0	0	0	0	0	0	0	0	0	0	0	0	1372573	
43	1	A	12	N	2500	0	40	27	28	1	0	0	0	0	0	0	0	0	0	0	0	0	0	0	1372604	
44	1	A	12	N	2500	0	40	27	50	2	2	2	0	0	0	0	0	0	0	0	0	0	0	0	1373041	
45	1	A	12	N	2500	0	40	32	29	1	0	0	0	0	0	0	0	0	0	0	0	0	0	0	1373135	
46	1	A	12	N	2500	0	40	57	339	32	0	1	0	0	0	0	0	0	0	0	0	0	0	0	1373228	
47	1	B	12	N	2500	6	40	25	52	6	0	0	0	0	0	0	0	0	0	0	0	0	0	0	1380578	
48	1	B	12	N	2500	0	40	20	37	5	0	0	0	0	0	0	0	0	0	0	0	0	0	0	1380578	
49	1	B	12	N	2500	0	40	49	207	28	0	0	0	0	0	0	0	0	0	0	0	0	0	0	1380593	
50	1	B	12	N	2500	0	40	93	648	113	1	2	0	0	0	0	0	0	0	0	0	0	0	0	1380609	
51	1	B	12	N	2500	0	40	80	540	84	1	0	0	0	0	0	0	0	0	0	0	0	0	0	1380765	
52	1	B	12	N	2500	0	40	44	181	24	0	0	0	0	0	0	0	0	0	0	0	0	0	0	1380796	
53	1	B	12	N	2500	0	40	32	96	11	0	0	0	0	0	0	0	0	0	0	0	0	0	0	1380890	
54	1	B	12	N	2500	0	40	73	475	70	1	1	0	0	0	0	0	0	0	0	0	0	0	0	1380905	
55	1	B	12	N	2500	0	40	28	64	8	0	0	0	0	0	0	0	0	0	0	0	0	0	0	1380968	
56	1	B	12	N	2500	0	40	75	484	70	1	1	0	0	0	0	0	0	0	0	0	0	0	0	1381015	
57	1	B	12	N	2500	0	40	48	233	26	0	0	0	0	0	0	0	0	0	0	0	0	0	0	1381015	
58	1	B	12	N	2500	0	40	78	516	77	1	1	0	0	0	0	0	0	0	0	0	0	0	0	1381077	
59	1	B	12	N	2500	0	40	82	549	84	1	1	0	0	0	0	0	0	0	0	0	0	0	0	1381077	
60	1	B	12	N	2500	0	40	23	40	4	0	0	0	0	0	0	0	0	0	0	0	0	0	0	1381218	
61	1	B	12	N	2500	0	40	60	370	34	0	1	0	0	0	0	0	0	0	0	0	0	0	0	1381234	
62	1	B	12	N	2500	0	40	47	188	25	0	1	0	0	0	0	0	0	0	0	0	0	0	0	1381343	
63	1	B	12	N	2500	0	40	91	638	82	1	1	0	0	0	0	0	0	0	0	0	0	0	0	1381998	
64	1	B	12	N	2500	0	40	26	53	7	0	0	0	0	0	0	0	0	0	0	0	0	0	0	1382092	
65	1	B	12	N	2500	0	40	93	646	108	1	1	0	0	0	0	0	0	0	0	0	0	0	0	1382108	
66	1	B	12	N	2500	0	40	115	832	149	2	2	0	0	0	0	0	0	0	0	0	0	0	0	1382123	
67	1	B	12	N	2500	0	40	32	90	11	0	0	0	0	0	0	0	0	0	0	0	0	0	0	1382326	
68	1	B	12	N	2500	0	40	35	98	13	0	0	0	0	0	0	0	0	0	0	0	0	0	0	1382388	
69	1	B	12	N	2500	0	40	28	74	8	0	0	0	0	0	0	0	0	0	0	0	0	0	0	1382435	
70	1	B	12	N	2500	0	40	31	72	10	0	0	0	0	0	0	0	0	0	0	0	0	0	0	1382498	
71	1	B	12	N	2500	0	40	49	240	33	0	0	0	0	0	0	0	0	0	0	0	0	0	0	1382841	
72	1	B	12	N	2500	0	40	41	167	21	0	0	0	0	0	0	0	0	0	0	0	0	0	0	1382903	
73	1	B	12	N	2500	0	40	28	69	7	0	0	0	0	0	0	0	0	0	0	0	0	0	0	1382934	
74	1	B	12	N	2500	0	40	33	96	12	0	0	0	0	0	0	0	0	0	0	0	0	0	0	1383044	
75	1	B	12	N	2500	0	40	27	65	7	0	0	0	0	0	0	0	0	0	0	0	0	0	0	1384089	
76	1	B	12	N	2500	0	40	42	187	20	0	1	0	0	0	0	0	0	0	0	0	0	0	0	1384448	
77	1	B	12	N	2500	0	40	60	130	20	0	0	0	0	0	0	0	0	0	0	0	0	0	0	1384900	
78	1	B	12	N	2500	0	40	29	81	9	0	0	0	0	0	0	0	0	0	0	0	0	0	0	1384962	
79	1	B	12	N	2500	0	40	30	89	12	0	0	0	0	0	0	0	0	0	0	0	0	0	0	1386054	
80	1	B	12	N	2500	0	40	80	544	60	0	2	0	0	0	0	0	0	0	0	0	0	0	0	1386444	
81	1	B	12	N	2500	0	40	40	170	18	0	0	0	0	0	0	0	0	0	0	0	0	0	0	1386710	
82	1	B	12	N	2500	0	40	63	402	37	0	0	0	0	0	0	0	0	0	0	0	0	0	0	1386725	
83	1	B	11	N	2500	6	40	40	166	17	0	0	0	0	0	0	0	0	0	0	0	0	0	0	1395200	
84	1	B	11	N	2500	0	40	55	323	30	0	0	0	0	0	0	0	0	0	0	0	0	0	0	1395528	
85	1	B	11	N	2500	0	40	65	415	38	0	1	0	0	0	0	0	0	0	0	0	0	0	0	1398039	
86	1	B	11	N	2500	0	40	43	183	19	0	0	0	0	0	0	0	0	0	0	0	0	0	0	1398242	
87	1	B	11	N	2500	0	40	40	160	18	0	0	0	0	0	0	0	0	0	0	0	0	0	0	1398804	
88	1	B	11	N	2500	0	40	27	46	5	0	0	0	0	0	0	0	0	0	0	0	0	0	0	1402144	
89	1	B	10	N	2500	6	40	42	67	15	5	2	0	0	0	0	0	0	0	0	0	0	0	0	1412988	
90	1	B	10	N	2500	0	40	137	558	107	46	20	0	0	0	0	0	0	0	0	0	0	0	0	1412988	
91	1	B	10	N	2500	0	40	35	120	14	0	1	0	0	0	0	0	0	0	0	0	0	0	0	1413893	
92	1	B	10	N	2500	0	40	32	33	0	0	0	0	0	0	0	0	0	0	0	0	0	0	0	1415126	
93	1	B	10	N	2500	0	40	21	18	1	0	1	0	0	0	0	0	0	0	0	0	0	0	0	1415469	
94	1	B	9	N	2500	6	40	28	69	7	0	0	0	0	0	0	0	0	0	0	0	0	0	0	1423365	
95	1	B	9	N	2500	0	40	20	34	4	0	0	0	0	0	0	0	0	0	0	0	0	0	0	1425003	
96	1	B	9	N	2500	0	40	57	194	11	4	5	0	0	0	0	0	0	0	0	0	0	0	0	1427578	
97	1	B	9	N	2500	0	40	22	50	6	0	0	0	0	0	0	0	0	0	0	0	0	0	0	1427687	
98	1	B	9	N	2500	0	40	20	29	8	9	8	0	0	0	0	0	0	0	0	0	0	0	0	1429264	
99	1	B	9	N	2500	0	40	61	137	11	8	14	0	0	0	0	0	0	0	0	0	0	0	0	1430793	
100	1	B	8	N	2500	6	40	34	114	12	0	0	0	0	0	0	0	0	0	0	0	0	0	0	1437486	
101	1	B	8	N	2500	0	40	98	694	99	1	1	0	0	0	0	0	0	0	0	0	0	0	0	1437845	
102	1	B	8	N	2500	0	40	22	50	5	0	0	0	0	0	0	0	0	0	0	0	0	0	0	1441184	
103	1	B	8	N	2500	0	40	43	77	9	4	2	0	0	0	0	0	0	0	0	0	0	0	0	1442713	
104	1	B	8	N	2500	0	40	74	169	29	14	6	0	0	0	0	0	0	0	0	0	0	0	0	1442713	
105	1	B	7	N	2500	6	40	28	74	8	0	0	0	0	0	0	0	0	0	0	0	0	0	0	1451889	
106	1	B	7	N	2500	0	40	304	2371	851	4	5	0	0	0	0	0	0	0	0	0	0	0	0	1451951	
107	1	B	7	N	2500	0	40	21	40	5	0	0	0	0	0	0	0	0	0	0	0	0	0	0	1452232	
108	1	B	7	N	2500	0	40	47	236	25	0	0	0	0	0	0	0	0	0	0	0	0	0	0	1452529	
109	1	B	7	N	2500	0	40	119	362	29	12	14	0	0	0	0	0	0	0	0	0	0	0	0	1452575	
110	1	B	7	N	2500	0	40	20	28	2	1	0	0	0	0	0	0	0	0	0	0	0	0	0	1454152	
111	1	B	7	N	2500	0	40	52	119	14	7	2	0	0	0	0	0	0	0	0	0	0	0	0	1454152	
112	1	B	7	N	2500	0	40	47	71	13	3	2	0	0	0	0	0	0	0	0	0	0	0	0	1454620	
113	1	B	7	N	2500	0	40	24	40	6	0	0	0	0	0	0	0	0	0	0	0	0	0	0	1455494	
114	1	B	7	N	2500	0	40	23	51	7	0	0	0	0	0	0	0	0	0	0	0	0	0	0	1458677	
115	1	B	6	N	2500	6	40	23	52	6	0	0	0	0	0	0	0	0	0	0	0	0	0	0	1466041	
116	1	B	6	N	2500	0	40	22	46	5	0	0	0	0	0	0	0	0	0	0	0	0	0	0	1466088	
117	1	B	6	N	2500	0	40	20	36	5	0	0	0	0	0	0	0	0	0	0	0	0	0	0	1466166	
118	1	B	6	N	2500	0	40	21	44	5	0	0	0	0	0	0	0	0	0	0	0	0	0	0	1466416	
119	1	B	6	N	2500	0	40	28	66	7	0	0	0	0	0	0	0	0	0	0	0	0	0	0	1466431	
120	1	B	6	N	2500	0	40	69	121	30	0	0	0	0	0	0	0	0	0	0	0	0	0	0	1466696	
121	1	B	6	N	2500	0	40	93	649	114	1	1	0	0	0	0	0	0	0	0	0	0	0	0	1466930	
122	1	B	6	N	2500	0	40	610	4878	3062	9	11	0	0	0	0	0	0	0	0	0	0	0	0	1467008	
123	1	B	6	N	2500	0	40	35	94	13	0	0	0	0	0	0	0	0	0	0	0	0	0	0	1469427	
124	1	B	6	N	2500	0	40	107	307	43	19	10	0	0	0	0	0	0	0	0	0	0	0	0	1471065	
125	1	B	6	N	2500	0	40	28	34	3	0	0	0	0	0	0	0	0	0	0	0	0	0	0	1471191	
126	1	B	6	N	2500	0	40	29	34	6	2	0	0	0	0	0	0	0	0	0	0	0	0	0	1471269	
127	1	B	6	N	2500	0	40	46	52	6	2	1	0	0	0	0	0	0	0	0	0	0	0	0	1471862	
128	1	B	6	N	2500	0	40	43	86	9	4	1	0	0	0	0	0	0	0	0	0	0	0	0	1472002	
129	1	B	5	N	2500	6	40	30	86	8	0	0	0	0	0	0	0	0	0	0	0	0	0	0	1480115	
130	1	B	5	N	2500	0	40	39	60	7	2	1	0	0	0	0	0	0	0	0	0	0	0	0	1480288	
131	1	B	5	N	2500	0	40	23	42	5	0	0	0	0	0	0	0	0	0	0	0	0	0	0	1480444	
132	1	B	5	N	2500	0	40	21	36	3	1	0	0	0	0	0	0	0	0	0	0	0	0	0	1481614	
133	1	B	5	N	2500	0	40	26	48	1	0	0	0	0	0	0	0	0	0	0	0	0	0	0	1482176	
134	1	B	5	N	2500	0	40	28	36	1	0	0	0	0	0	0	0	0	0	0	0	0	0	0	1483347	
135	1	B	5	N	2500	0	40	34	88	11	0	0	0	0	0	0	0	0	0	0	0	0	0	0	1484236	
136	1	B	4	N	2500	6	40	350	2750	1340	5	6	0	0	0	0	0	0	0	0	0	0	0	0	1494347	
137	1	B	4	N	2500	0	40	34	85	8	0	0	0	0	0	0	0	0	0	0	0	0	0	0	1494347	
138	1	B	4	N	2500	0	40	111	800	145	1	2	0	0	0	0	0	0	0	0	0	0	0	0	1494456	
139	1	B	4	N	2500	0	40	23	37	5	0	0	0	0	0	0	0	0	0	0	0	0	0	0	1494877	
140	1	B	4	N	2500	0	40	264	2047	440	3	5	0	0	0	0	0	0	0	0	0	0	0	0	1495939	
141	1	B	3	N	2500	6	40	34	108	11	0	0	0	0	0	0	0	0	0	0	0	0	0	0	1508999	
142	1	B	3	N	2500	0	40	36	48	5	2	1	0	0	0	0	0	0	0	0	0	0	0	0	1510590	
143	1	B	3	N	2500	0	40	27	37	4	0	0	0	0	0	0	0	0	0	0	0	0	0	0	1513758	
144	1	B	3	N	2500	0	40	46	223	22	0	0	0	0	0	0	0	0	0	0	0	0	0	0	1515568	
145	1	B	2	N	2500	6	40	26	66	6	0	0	0	0	0	0	0	0	0	0	0	0	0	0	1522778	
146	1	B	2	N	2500	0	40	69	273	26	0	0	0	0	0	0	0	0	0	0	0	0	0	0	1522793	
147	1	B	1	N	2500	6	40	20	35	3	0	0	0	0	0	0	0	0	0	0	0	0	0	0	1537243	
148	1	B	1	N	2500	0	40	33	71	10	6	10	0	0	0	0	0	0	0	0	0	0	0	0	1544250	


Threshold source: EXT,  value 50
Min TOF = 20
EXT signal gain 2.0
Green signal gain 3.0
Yellow signal gain 3.0
Red signal gain 3.0
Green PMT voltage 600
Yellow PMT voltage 600
Red PMT voltage 700
Signal multipliers: 5.0,5.0,5.0,5.0
C:\Users\unionbio\Desktop\COPAS Templates\USE for analysis_dauer_columns.csv