Id	Plate	Row	Column	Clog	Scan rate	Status sort	Status sel	TOF	EXT	Green	Yellow	Red	PH Ext	PW Ext	PC Ext	PH Green	PW Green	PCGreen	PH Yellow	PW Yellow	PCYellow	PH Red	PW Red	PCRed	Time Stamp	
0	1	A	1	N	2500	0	40	280	669	35	16	34	0	0	0	0	0	0	0	0	0	0	0	0	15881929	
1	1	A	1	N	2500	0	40	439	625	30	25	72	0	0	0	0	0	0	0	0	0	0	0	0	15882897	
2	1	A	1	N	2500	0	40	307	604	33	12	26	0	0	0	0	0	0	0	0	0	0	0	0	15882975	
3	1	A	1	N	2500	0	40	20	37	2	4	11	0	0	0	0	0	0	0	0	0	0	0	0	15883068	
4	1	A	1	N	2500	0	40	308	586	24	16	44	0	0	0	0	0	0	0	0	0	0	0	0	15883193	
5	1	A	1	N	2500	0	40	31	45	2	2	4	0	0	0	0	0	0	0	0	0	0	0	0	15883755	
6	1	A	1	N	2500	0	40	22	47	2	4	9	0	0	0	0	0	0	0	0	0	0	0	0	15883848	
7	1	A	1	N	2500	0	40	38	53	2	2	7	0	0	0	0	0	0	0	0	0	0	0	0	15883895	
8	1	A	1	N	2500	0	40	68	73	10	12	18	0	0	0	0	0	0	0	0	0	0	0	0	15883942	
9	1	A	1	N	2500	0	40	136	212	9	9	25	0	0	0	0	0	0	0	0	0	0	0	0	15884067	
10	1	A	1	N	2500	0	40	26	46	6	8	13	0	0	0	0	0	0	0	0	0	0	0	0	15884176	
11	1	A	1	N	2500	0	40	34	89	5	5	10	0	0	0	0	0	0	0	0	0	0	0	0	15884332	
12	1	A	1	N	2500	0	40	28	45	2	4	8	0	0	0	0	0	0	0	0	0	0	0	0	15884332	
13	1	A	1	N	2500	0	40	27	47	1	3	9	0	0	0	0	0	0	0	0	0	0	0	0	15884347	
14	1	A	1	N	2500	0	40	24	39	5	6	7	0	0	0	0	0	0	0	0	0	0	0	0	15884347	
15	1	A	1	N	2500	0	40	56	114	17	20	34	0	0	0	0	0	0	0	0	0	0	0	0	15884832	
16	1	A	1	N	2500	0	40	26	36	26	204	204	0	0	0	0	0	0	0	0	0	0	0	0	15885004	
17	1	A	1	N	2500	0	40	305	632	30	11	27	0	0	0	0	0	0	0	0	0	0	0	0	15885019	
18	1	A	1	N	2500	0	40	330	703	31	16	38	0	0	0	0	0	0	0	0	0	0	0	0	15885066	
19	1	A	1	N	2500	0	40	25	40	2	2	3	0	0	0	0	0	0	0	0	0	0	0	0	15885160	
20	1	A	1	N	2500	0	40	320	635	30	26	74	0	0	0	0	0	0	0	0	0	0	0	0	15885269	
21	1	A	1	N	2500	0	40	281	627	62	26	75	0	0	0	0	0	0	0	0	0	0	0	0	15885378	
22	1	A	1	N	2500	0	40	319	687	27	9	28	0	0	0	0	0	0	0	0	0	0	0	0	15885674	
23	1	A	1	N	2500	0	40	299	630	30	12	24	0	0	0	0	0	0	0	0	0	0	0	0	15885690	
24	1	A	1	N	2500	0	40	35	81	9	9	8	0	0	0	0	0	0	0	0	0	0	0	0	15885690	
25	1	A	1	N	2500	0	40	37	98	4	4	7	0	0	0	0	0	0	0	0	0	0	0	0	15885706	
26	1	A	1	N	2500	0	40	22	32	1	1	4	0	0	0	0	0	0	0	0	0	0	0	0	15885799	
27	1	A	1	N	2500	0	40	67	119	3	7	17	0	0	0	0	0	0	0	0	0	0	0	0	15885815	
28	1	A	1	N	2500	0	40	30	62	1	1	3	0	0	0	0	0	0	0	0	0	0	0	0	15885846	
29	1	A	1	N	2500	0	40	20	32	2	1	1	0	0	0	0	0	0	0	0	0	0	0	0	15886579	
30	1	A	1	N	2500	0	40	45	90	19	352	360	0	0	0	0	0	0	0	0	0	0	0	0	15886595	
31	1	A	1	N	2500	0	40	292	630	26	13	37	0	0	0	0	0	0	0	0	0	0	0	0	15887094	
32	1	A	1	N	2500	0	40	29	52	6	7	8	0	0	0	0	0	0	0	0	0	0	0	0	15887141	
33	1	A	1	N	2500	0	40	31	64	15	16	14	0	0	0	0	0	0	0	0	0	0	0	0	15887141	
34	1	A	1	N	2500	0	40	22	35	2	2	6	0	0	0	0	0	0	0	0	0	0	0	0	15887141	
35	1	A	1	N	2500	0	40	31	56	7	7	7	0	0	0	0	0	0	0	0	0	0	0	0	15887141	
36	1	A	1	N	2500	0	40	22	22	0	0	3	0	0	0	0	0	0	0	0	0	0	0	0	15887500	
37	1	A	1	N	2500	0	40	30	46	14	16	17	0	0	0	0	0	0	0	0	0	0	0	0	15887624	
38	1	A	1	N	2500	0	40	20	21	0	0	0	0	0	0	0	0	0	0	0	0	0	0	0	15888404	
39	1	A	1	N	2500	0	40	21	28	0	0	1	0	0	0	0	0	0	0	0	0	0	0	0	15888451	
40	1	A	1	N	2500	0	40	23	21	0	0	4	0	0	0	0	0	0	0	0	0	0	0	0	15888592	
41	1	A	2	N	2500	0	40	302	570	25	17	43	0	0	0	0	0	0	0	0	0	0	0	0	15897518	
42	1	A	2	N	2500	0	40	29	43	3	2	3	0	0	0	0	0	0	0	0	0	0	0	0	15897924	
43	1	A	2	N	2500	0	40	262	622	32	21	51	0	0	0	0	0	0	0	0	0	0	0	0	15899484	
44	1	A	2	N	2500	0	40	301	632	33	12	23	0	0	0	0	0	0	0	0	0	0	0	0	15899874	
45	1	A	2	N	2500	0	40	301	674	27	13	33	0	0	0	0	0	0	0	0	0	0	0	0	15900155	
46	1	A	2	N	2500	0	40	25	28	1	1	3	0	0	0	0	0	0	0	0	0	0	0	0	15900155	
47	1	A	2	N	2500	0	40	45	51	1	1	6	0	0	0	0	0	0	0	0	0	0	0	0	15900296	
48	1	A	2	N	2500	0	40	31	58	3	4	10	0	0	0	0	0	0	0	0	0	0	0	0	15900842	
49	1	A	2	N	2500	0	40	30	63	3	3	6	0	0	0	0	0	0	0	0	0	0	0	0	15900904	
50	1	A	2	N	2500	0	40	21	37	2	3	5	0	0	0	0	0	0	0	0	0	0	0	0	15900904	
51	1	A	2	N	2500	0	40	23	30	5	6	12	0	0	0	0	0	0	0	0	0	0	0	0	15901325	
52	1	A	2	N	2500	0	40	312	710	33	19	45	0	0	0	0	0	0	0	0	0	0	0	0	15901528	
53	1	A	2	N	2500	0	40	23	47	3	4	11	0	0	0	0	0	0	0	0	0	0	0	0	15901746	
54	1	A	2	N	2500	0	40	25	38	1	1	2	0	0	0	0	0	0	0	0	0	0	0	0	15902027	
55	1	A	2	N	2500	0	40	30	72	6	6	11	0	0	0	0	0	0	0	0	0	0	0	0	15902152	
56	1	A	2	N	2500	0	40	26	50	3	3	6	0	0	0	0	0	0	0	0	0	0	0	0	15902152	
57	1	A	2	N	2500	0	40	23	40	4	3	5	0	0	0	0	0	0	0	0	0	0	0	0	15902152	
58	1	A	2	N	2500	0	40	308	650	33	12	25	0	0	0	0	0	0	0	0	0	0	0	0	15902214	
59	1	A	2	N	2500	0	40	71	180	11	14	29	0	0	0	0	0	0	0	0	0	0	0	0	15902292	
60	1	A	2	N	2500	0	40	26	56	8	10	17	0	0	0	0	0	0	0	0	0	0	0	0	15902839	
61	1	A	2	N	2500	0	40	28	52	4	3	6	0	0	0	0	0	0	0	0	0	0	0	0	15902839	
62	1	A	2	N	2500	0	40	136	648	36	44	90	0	0	0	0	0	0	0	0	0	0	0	0	15903136	
63	1	A	2	N	2500	0	40	27	36	11	15	16	0	0	0	0	0	0	0	0	0	0	0	0	15903136	
64	1	A	2	N	2500	0	40	29	54	4	4	6	0	0	0	0	0	0	0	0	0	0	0	0	15903323	
65	1	A	2	N	2500	0	40	312	577	26	12	35	0	0	0	0	0	0	0	0	0	0	0	0	15903448	
66	1	A	3	N	2500	0	40	21	31	2	2	4	0	0	0	0	0	0	0	0	0	0	0	0	15911109	
67	1	A	3	N	2500	0	40	423	902	72	19	53	0	0	0	0	0	0	0	0	0	0	0	0	15911421	
68	1	A	3	N	2500	0	40	29	33	1	1	5	0	0	0	0	0	0	0	0	0	0	0	0	15911468	
69	1	A	3	N	2500	0	40	427	958	64	22	50	0	0	0	0	0	0	0	0	0	0	0	0	15911609	
70	1	A	3	N	2500	0	40	249	658	42	23	57	0	0	0	0	0	0	0	0	0	0	0	0	15912061	
71	1	A	3	N	2500	0	40	39	77	5	7	14	0	0	0	0	0	0	0	0	0	0	0	0	15912264	
72	1	A	3	N	2500	0	40	28	48	6	5	3	0	0	0	0	0	0	0	0	0	0	0	0	15912404	
73	1	A	3	N	2500	0	40	28	57	4	5	9	0	0	0	0	0	0	0	0	0	0	0	0	15912404	
74	1	A	3	N	2500	0	40	243	671	36	29	76	0	0	0	0	0	0	0	0	0	0	0	0	15912669	
75	1	A	3	N	2500	0	40	27	49	3	1	2	0	0	0	0	0	0	0	0	0	0	0	0	15912841	
76	1	A	3	N	2500	0	40	28	44	5	6	7	0	0	0	0	0	0	0	0	0	0	0	0	15913621	
77	1	A	3	N	2500	0	40	38	66	16	21	25	0	0	0	0	0	0	0	0	0	0	0	0	15913621	
78	1	A	3	N	2500	0	40	29	49	3	4	7	0	0	0	0	0	0	0	0	0	0	0	0	15913621	
79	1	A	3	N	2500	0	40	31	60	8	9	15	0	0	0	0	0	0	0	0	0	0	0	0	15913637	
80	1	A	3	N	2500	0	40	28	56	8	9	17	0	0	0	0	0	0	0	0	0	0	0	0	15913715	
81	1	A	3	N	2500	0	40	381	812	65	36	92	0	0	0	0	0	0	0	0	0	0	0	0	15913839	
82	1	A	3	N	2500	0	40	21	35	3	2	6	0	0	0	0	0	0	0	0	0	0	0	0	15913902	
83	1	A	3	N	2500	0	40	31	51	2	2	5	0	0	0	0	0	0	0	0	0	0	0	0	15913980	
84	1	A	3	N	2500	0	40	20	28	1	1	5	0	0	0	0	0	0	0	0	0	0	0	0	15914401	
85	1	A	3	N	2500	0	40	221	464	25	19	49	0	0	0	0	0	0	0	0	0	0	0	0	15914995	
86	1	A	3	N	2500	0	40	311	612	29	11	33	0	0	0	0	0	0	0	0	0	0	0	0	15915416	
87	1	A	3	N	2500	0	40	455	584	33	24	71	0	0	0	0	0	0	0	0	0	0	0	0	15915681	
88	1	A	3	N	2500	0	40	275	562	25	12	29	0	0	0	0	0	0	0	0	0	0	0	0	15915744	
89	1	A	3	N	2500	0	40	329	590	36	13	30	0	0	0	0	0	0	0	0	0	0	0	0	15916227	
90	1	A	3	N	2500	0	40	25	38	2	1	2	0	0	0	0	0	0	0	0	0	0	0	0	15916274	
91	1	A	3	N	2500	0	40	390	632	32	24	61	0	0	0	0	0	0	0	0	0	0	0	0	15916399	
92	1	A	3	N	2500	0	40	310	577	33	11	32	0	0	0	0	0	0	0	0	0	0	0	0	15916555	
93	1	A	3	N	2500	0	40	25	30	1	0	0	0	0	0	0	0	0	0	0	0	0	0	0	15916851	
94	1	A	3	N	2500	0	40	443	807	67	30	77	0	0	0	0	0	0	0	0	0	0	0	0	15916976	
95	1	A	3	N	2500	0	40	318	494	27	20	65	0	0	0	0	0	0	0	0	0	0	0	0	15917210	
96	1	A	3	N	2500	0	40	444	919	52	28	74	0	0	0	0	0	0	0	0	0	0	0	0	15917382	
97	1	A	3	N	2500	0	40	71	81	4	2	4	0	0	0	0	0	0	0	0	0	0	0	0	15917491	
98	1	A	3	N	2500	0	40	56	94	5	6	16	0	0	0	0	0	0	0	0	0	0	0	0	15917601	
99	1	A	3	N	2500	0	40	38	41	2	2	2	0	0	0	0	0	0	0	0	0	0	0	0	15917773	
100	1	A	3	N	2500	0	40	44	46	1	1	1	0	0	0	0	0	0	0	0	0	0	0	0	15918178	
101	1	A	3	N	2500	0	40	225	440	22	13	31	0	0	0	0	0	0	0	0	0	0	0	0	15918178	
102	1	A	4	N	2500	0	40	22	39	5	0	0	0	0	0	0	0	0	0	0	0	0	0	0	15925387	
103	1	A	4	N	2500	0	40	26	30	1	0	3	0	0	0	0	0	0	0	0	0	0	0	0	15927182	
104	1	A	4	N	2500	0	40	443	666	34	15	45	0	0	0	0	0	0	0	0	0	0	0	0	15927884	
105	1	A	4	N	2500	0	40	266	480	22	17	38	0	0	0	0	0	0	0	0	0	0	0	0	15928164	
106	1	A	4	N	2500	0	40	30	49	4	4	7	0	0	0	0	0	0	0	0	0	0	0	0	15928352	
107	1	A	4	N	2500	0	40	28	47	3	1	1	0	0	0	0	0	0	0	0	0	0	0	0	15929241	
108	1	A	4	N	2500	0	40	40	52	2	1	5	0	0	0	0	0	0	0	0	0	0	0	0	15929428	
109	1	A	4	N	2500	0	40	33	78	8	8	14	0	0	0	0	0	0	0	0	0	0	0	0	15929710	
110	1	A	4	N	2500	0	40	326	699	32	23	71	0	0	0	0	0	0	0	0	0	0	0	0	15929741	
111	1	A	4	N	2500	0	40	332	721	55	12	24	0	0	0	0	0	0	0	0	0	0	0	0	15930147	
112	1	A	4	N	2500	0	40	343	650	32	17	48	0	0	0	0	0	0	0	0	0	0	0	0	15931629	
113	1	A	4	N	2500	0	40	302	552	30	13	32	0	0	0	0	0	0	0	0	0	0	0	0	15931878	
114	1	A	4	N	2500	0	40	56	87	5	5	10	0	0	0	0	0	0	0	0	0	0	0	0	15931909	
115	1	A	4	N	2500	0	40	57	72	3	1	6	0	0	0	0	0	0	0	0	0	0	0	0	15932081	
116	1	A	4	N	2500	0	40	294	502	24	10	32	0	0	0	0	0	0	0	0	0	0	0	0	15932315	
117	1	A	4	N	2500	0	40	23	44	2	3	9	0	0	0	0	0	0	0	0	0	0	0	0	15932471	
118	1	A	4	N	2500	0	40	30	53	3	4	8	0	0	0	0	0	0	0	0	0	0	0	0	15932503	
119	1	A	5	N	2500	0	40	103	304	12	14	31	0	0	0	0	0	0	0	0	0	0	0	0	15940242	
120	1	A	5	N	2500	0	40	326	720	33	13	36	0	0	0	0	0	0	0	0	0	0	0	0	15940320	
121	1	A	5	N	2500	0	40	306	861	49	28	68	0	0	0	0	0	0	0	0	0	0	0	0	15940538	
122	1	A	5	N	2500	0	40	22	34	1	2	5	0	0	0	0	0	0	0	0	0	0	0	0	15940866	
123	1	A	5	N	2500	0	40	22	38	3	3	7	0	0	0	0	0	0	0	0	0	0	0	0	15943269	
124	1	A	5	N	2500	0	40	45	122	9	11	30	0	0	0	0	0	0	0	0	0	0	0	0	15943519	
125	1	A	5	N	2500	0	40	29	68	4	5	10	0	0	0	0	0	0	0	0	0	0	0	0	15943753	
126	1	A	5	N	2500	0	40	71	112	8	5	10	0	0	0	0	0	0	0	0	0	0	0	0	15943784	
127	1	A	5	N	2500	0	40	26	49	6	8	9	0	0	0	0	0	0	0	0	0	0	0	0	15944190	
128	1	A	5	N	2500	0	40	30	69	5	5	11	0	0	0	0	0	0	0	0	0	0	0	0	15944299	
129	1	A	5	N	2500	0	40	24	47	4	6	12	0	0	0	0	0	0	0	0	0	0	0	0	15944955	
130	1	A	5	N	2500	0	40	23	41	2	3	5	0	0	0	0	0	0	0	0	0	0	0	0	15944986	
131	1	A	5	N	2500	0	40	315	606	34	12	29	0	0	0	0	0	0	0	0	0	0	0	0	15944986	
132	1	A	5	N	2500	0	40	185	590	40	18	40	0	0	0	0	0	0	0	0	0	0	0	0	15945704	
133	1	A	5	N	2500	0	40	24	44	2	2	6	0	0	0	0	0	0	0	0	0	0	0	0	15945907	
134	1	A	5	N	2500	0	40	27	52	12	17	25	0	0	0	0	0	0	0	0	0	0	0	0	15946000	
135	1	A	5	N	2500	0	40	62	141	5	6	18	0	0	0	0	0	0	0	0	0	0	0	0	15946031	
136	1	A	5	N	2500	0	40	303	564	33	16	39	0	0	0	0	0	0	0	0	0	0	0	0	15946047	
137	1	A	5	N	2500	0	40	312	651	29	12	22	0	0	0	0	0	0	0	0	0	0	0	0	15946936	
138	1	A	6	N	2500	0	40	22	42	3	3	5	0	0	0	0	0	0	0	0	0	0	0	0	15955613	
139	1	A	6	N	2500	0	40	24	45	4	5	7	0	0	0	0	0	0	0	0	0	0	0	0	15955628	
140	1	A	6	N	2500	0	40	27	67	4	4	7	0	0	0	0	0	0	0	0	0	0	0	0	15956268	
141	1	A	6	N	2500	0	40	24	41	2	2	4	0	0	0	0	0	0	0	0	0	0	0	0	15956268	
142	1	A	6	N	2500	0	40	21	28	2	2	4	0	0	0	0	0	0	0	0	0	0	0	0	15956330	
143	1	A	6	N	2500	0	40	32	58	6	7	15	0	0	0	0	0	0	0	0	0	0	0	0	15956377	
144	1	A	6	N	2500	0	40	85	455	52	17	58	0	0	0	0	0	0	0	0	0	0	0	0	15956503	
145	1	A	6	N	2500	0	40	32	79	5	6	15	0	0	0	0	0	0	0	0	0	0	0	0	15956534	
146	1	A	6	N	2500	0	40	23	56	8	11	13	0	0	0	0	0	0	0	0	0	0	0	0	15956877	
147	1	A	6	N	2500	0	40	33	66	16	20	24	0	0	0	0	0	0	0	0	0	0	0	0	15957314	
148	1	A	6	N	2500	0	40	302	516	25	15	39	0	0	0	0	0	0	0	0	0	0	0	0	15957907	
149	1	A	6	N	2500	0	40	312	608	29	12	33	0	0	0	0	0	0	0	0	0	0	0	0	15958905	
150	1	A	6	N	2500	0	40	21	43	4	1	4	0	0	0	0	0	0	0	0	0	0	0	0	15959015	
151	1	A	6	N	2500	0	40	307	576	26	20	57	0	0	0	0	0	0	0	0	0	0	0	0	15959108	
152	1	A	6	N	2500	0	40	22	22	0	0	0	0	0	0	0	0	0	0	0	0	0	0	0	15960169	
153	1	A	6	N	2500	0	40	25	52	12	15	19	0	0	0	0	0	0	0	0	0	0	0	0	15960294	
154	1	A	6	N	2500	0	40	21	24	0	0	0	0	0	0	0	0	0	0	0	0	0	0	0	15960512	
155	1	A	6	N	2500	0	40	322	616	30	13	36	0	0	0	0	0	0	0	0	0	0	0	0	15961230	
156	1	A	6	N	2500	0	40	20	19	0	0	1	0	0	0	0	0	0	0	0	0	0	0	0	15961448	
157	1	A	6	N	2500	0	40	452	932	29	19	69	0	0	0	0	0	0	0	0	0	0	0	0	15962072	
158	1	A	7	N	2500	0	40	32	42	15	249	253	0	0	0	0	0	0	0	0	0	0	0	0	15970405	
159	1	A	7	N	2500	0	40	324	685	28	14	27	0	0	0	0	0	0	0	0	0	0	0	0	15972293	
160	1	A	7	N	2500	0	40	334	633	34	19	46	0	0	0	0	0	0	0	0	0	0	0	0	15973245	
161	1	A	7	N	2500	0	40	394	711	31	22	69	0	0	0	0	0	0	0	0	0	0	0	0	15973900	
162	1	A	7	N	2500	0	40	372	855	53	26	53	0	0	0	0	0	0	0	0	0	0	0	0	15974556	
163	1	A	7	N	2500	0	40	312	653	28	10	22	0	0	0	0	0	0	0	0	0	0	0	0	15974759	
164	1	A	7	N	2500	0	40	26	42	6	8	8	0	0	0	0	0	0	0	0	0	0	0	0	15975570	
165	1	A	7	N	2500	0	40	41	61	2	4	13	0	0	0	0	0	0	0	0	0	0	0	0	15975867	
166	1	A	7	N	2500	0	40	26	27	2	4	10	0	0	0	0	0	0	0	0	0	0	0	0	15976803	
167	1	A	8	N	2500	0	40	24	23	1	1	4	0	0	0	0	0	0	0	0	0	0	0	0	15985119	
168	1	A	8	N	2500	0	40	366	609	31	15	45	0	0	0	0	0	0	0	0	0	0	0	0	15987148	
169	1	A	8	N	2500	0	40	316	673	27	22	66	0	0	0	0	0	0	0	0	0	0	0	0	15987835	
170	1	A	8	N	2500	0	40	413	860	49	29	90	0	0	0	0	0	0	0	0	0	0	0	0	15990004	
171	1	A	9	N	2500	0	40	32	43	1	2	3	0	0	0	0	0	0	0	0	0	0	0	0	15998836	
172	1	A	9	N	2500	0	40	312	583	29	17	45	0	0	0	0	0	0	0	0	0	0	0	0	15999429	
173	1	A	9	N	2500	0	40	22	26	1	2	6	0	0	0	0	0	0	0	0	0	0	0	0	16000193	
174	1	A	9	N	2500	0	40	100	135	5	4	12	0	0	0	0	0	0	0	0	0	0	0	0	16001520	
175	1	A	9	N	2500	0	40	311	713	36	18	48	0	0	0	0	0	0	0	0	0	0	0	0	16002300	
176	1	A	9	N	2500	0	40	66	89	4	5	10	0	0	0	0	0	0	0	0	0	0	0	0	16003548	
177	1	A	9	N	2500	0	40	25	21	0	1	6	0	0	0	0	0	0	0	0	0	0	0	0	16003548	
178	1	A	9	N	2500	0	40	47	64	3	3	9	0	0	0	0	0	0	0	0	0	0	0	0	16004593	
179	1	A	9	N	2500	0	40	26	52	2	4	20	0	0	0	0	0	0	0	0	0	0	0	0	16005654	
180	1	A	9	N	2500	0	40	93	147	7	12	35	0	0	0	0	0	0	0	0	0	0	0	0	16005888	
181	1	A	10	N	2500	0	40	393	587	34	18	59	0	0	0	0	0	0	0	0	0	0	0	0	16017358	
182	1	A	10	N	2500	0	40	25	48	4	3	6	0	0	0	0	0	0	0	0	0	0	0	0	16017436	
183	1	A	10	N	2500	0	40	28	49	2	2	3	0	0	0	0	0	0	0	0	0	0	0	0	16017592	
184	1	A	10	N	2500	0	40	27	28	9	209	212	0	0	0	0	0	0	0	0	0	0	0	0	16017904	
185	1	A	10	N	2500	0	40	79	138	8	9	21	0	0	0	0	0	0	0	0	0	0	0	0	16017935	
186	1	A	10	N	2500	0	40	413	794	45	32	90	0	0	0	0	0	0	0	0	0	0	0	0	16019199	
187	1	A	10	N	2500	0	40	32	38	1	1	3	0	0	0	0	0	0	0	0	0	0	0	0	16019448	
188	1	A	11	N	2500	0	40	20	29	1	2	3	0	0	0	0	0	0	0	0	0	0	0	0	16028421	
189	1	A	11	N	2500	0	40	41	98	3	4	10	0	0	0	0	0	0	0	0	0	0	0	0	16029435	
190	1	A	11	N	2500	0	40	337	633	35	22	47	0	0	0	0	0	0	0	0	0	0	0	0	16029576	
191	1	A	11	N	2500	0	40	487	992	82	26	83	0	0	0	0	0	0	0	0	0	0	0	0	16031354	
192	1	A	11	N	2500	0	40	23	41	10	12	11	0	0	0	0	0	0	0	0	0	0	0	0	16031463	
193	1	A	11	N	2500	0	40	38	115	4	1	5	0	0	0	0	0	0	0	0	0	0	0	0	16032291	
194	1	A	11	N	2500	0	40	319	700	37	17	44	0	0	0	0	0	0	0	0	0	0	0	0	16032806	
195	1	A	11	N	2500	0	40	55	155	4	4	9	0	0	0	0	0	0	0	0	0	0	0	0	16033570	
196	1	A	11	N	2500	0	40	279	598	28	8	20	0	0	0	0	0	0	0	0	0	0	0	0	16035210	
197	1	A	12	N	2500	0	40	23	41	5	0	3	0	0	0	0	0	0	0	0	0	0	0	0	16043089	
198	1	A	12	N	2500	0	40	20	21	1	2	5	0	0	0	0	0	0	0	0	0	0	0	0	16043167	
199	1	A	12	N	2500	0	40	329	748	40	18	37	0	0	0	0	0	0	0	0	0	0	0	0	16044946	
200	1	A	12	N	2500	0	40	294	558	28	16	46	0	0	0	0	0	0	0	0	0	0	0	0	16045398	
201	1	A	12	N	2500	0	40	25	55	3	10	32	0	0	0	0	0	0	0	0	0	0	0	0	16046069	
202	1	A	12	N	2500	0	40	26	38	15	204	204	0	0	0	0	0	0	0	0	0	0	0	0	16046679	
203	1	A	12	N	2500	0	40	322	710	37	17	40	0	0	0	0	0	0	0	0	0	0	0	0	16048909	
204	1	B	12	N	2500	0	40	21	16	0	0	2	0	0	0	0	0	0	0	0	0	0	0	0	16058115	
205	1	B	12	N	2500	0	40	296	630	24	14	53	0	0	0	0	0	0	0	0	0	0	0	0	16059302	
206	1	B	12	N	2500	0	40	193	546	32	33	88	0	0	0	0	0	0	0	0	0	0	0	0	16061923	
207	1	B	12	N	2500	0	40	330	686	37	12	30	0	0	0	0	0	0	0	0	0	0	0	0	16062750	
208	1	B	11	N	2500	0	40	196	690	35	44	103	0	0	0	0	0	0	0	0	0	0	0	0	16073720	
209	1	B	11	N	2500	0	40	24	29	0	1	5	0	0	0	0	0	0	0	0	0	0	0	0	16076997	
210	1	B	11	N	2500	0	40	387	737	44	25	66	0	0	0	0	0	0	0	0	0	0	0	0	16077668	
211	1	B	11	N	2500	0	40	487	1010	61	37	110	0	0	0	0	0	0	0	0	0	0	0	0	16077715	
212	1	B	11	N	2500	0	40	64	121	24	1	4	0	0	0	0	0	0	0	0	0	0	0	0	16079322	
213	1	B	10	N	2500	0	40	324	589	29	9	18	0	0	0	0	0	0	0	0	0	0	0	0	16087779	
214	1	B	10	N	2500	0	40	30	71	6	9	15	0	0	0	0	0	0	0	0	0	0	0	0	16088607	
215	1	B	10	N	2500	0	40	21	21	0	2	8	0	0	0	0	0	0	0	0	0	0	0	0	16088622	
216	1	B	10	N	2500	0	40	490	1137	64	35	98	0	0	0	0	0	0	0	0	0	0	0	0	16090526	
217	1	B	10	N	2500	0	40	322	613	29	19	38	0	0	0	0	0	0	0	0	0	0	0	0	16090635	
218	1	B	10	N	2500	0	40	51	64	3	3	9	0	0	0	0	0	0	0	0	0	0	0	0	16090791	
219	1	B	10	N	2500	0	40	35	45	2	3	9	0	0	0	0	0	0	0	0	0	0	0	0	16091352	
220	1	B	10	N	2500	0	40	20	26	5	10	22	0	0	0	0	0	0	0	0	0	0	0	0	16091650	
221	1	B	10	N	2500	0	40	277	555	24	14	30	0	0	0	0	0	0	0	0	0	0	0	0	16091697	
222	1	B	10	N	2500	0	40	42	62	1	1	7	0	0	0	0	0	0	0	0	0	0	0	0	16091728	
223	1	B	10	N	2500	0	40	25	28	1	1	4	0	0	0	0	0	0	0	0	0	0	0	0	16092133	
224	1	B	10	N	2500	0	40	112	260	7	12	35	0	0	0	0	0	0	0	0	0	0	0	0	16092586	
225	1	B	10	N	2500	0	40	21	27	3	3	5	0	0	0	0	0	0	0	0	0	0	0	0	16092726	
226	1	B	10	N	2500	0	40	36	64	1	2	5	0	0	0	0	0	0	0	0	0	0	0	0	16093506	
227	1	B	10	N	2500	0	40	315	543	33	14	38	0	0	0	0	0	0	0	0	0	0	0	0	16093943	
228	1	B	10	N	2500	0	40	24	31	2	2	6	0	0	0	0	0	0	0	0	0	0	0	0	16093974	
229	1	B	10	N	2500	0	40	22	25	1	2	8	0	0	0	0	0	0	0	0	0	0	0	0	16094099	
230	1	B	9	N	2500	0	40	28	43	3	3	6	0	0	0	0	0	0	0	0	0	0	0	0	16101683	
231	1	B	9	N	2500	0	40	22	33	1	2	4	0	0	0	0	0	0	0	0	0	0	0	0	16101932	
232	1	B	9	N	2500	0	40	288	589	24	18	54	0	0	0	0	0	0	0	0	0	0	0	0	16102151	
233	1	B	9	N	2500	0	40	23	32	1	0	4	0	0	0	0	0	0	0	0	0	0	0	0	16103852	
234	1	B	9	N	2500	0	40	81	115	3	4	18	0	0	0	0	0	0	0	0	0	0	0	0	16104258	
235	1	B	9	N	2500	0	40	282	705	35	27	74	0	0	0	0	0	0	0	0	0	0	0	0	16105396	
236	1	B	9	N	2500	0	40	317	493	26	12	32	0	0	0	0	0	0	0	0	0	0	0	0	16105474	
237	1	B	9	N	2500	0	40	36	64	8	12	17	0	0	0	0	0	0	0	0	0	0	0	0	16105724	
238	1	B	9	N	2500	0	40	36	58	4	5	9	0	0	0	0	0	0	0	0	0	0	0	0	16106223	
239	1	B	9	N	2500	0	40	46	47	0	3	9	0	0	0	0	0	0	0	0	0	0	0	0	16106660	
240	1	B	9	N	2500	0	40	22	20	0	0	2	0	0	0	0	0	0	0	0	0	0	0	0	16107144	
241	1	B	9	N	2500	0	40	21	31	1	2	8	0	0	0	0	0	0	0	0	0	0	0	0	16108002	
242	1	B	9	N	2500	0	40	25	48	4	5	6	0	0	0	0	0	0	0	0	0	0	0	0	16108532	
243	1	B	9	N	2500	0	40	25	44	2	13	44	0	0	0	0	0	0	0	0	0	0	0	0	16108750	
244	1	B	8	N	2500	0	40	20	28	1	2	6	0	0	0	0	0	0	0	0	0	0	0	0	16116273	
245	1	B	8	N	2500	0	40	287	737	58	19	47	0	0	0	0	0	0	0	0	0	0	0	0	16117349	
246	1	B	8	N	2500	0	40	25	25	1	2	5	0	0	0	0	0	0	0	0	0	0	0	0	16118909	
247	1	B	8	N	2500	0	40	26	35	2	3	7	0	0	0	0	0	0	0	0	0	0	0	0	16119018	
248	1	B	8	N	2500	0	40	24	24	1	1	3	0	0	0	0	0	0	0	0	0	0	0	0	16119330	
249	1	B	8	N	2500	0	40	500	1101	136	36	102	0	0	0	0	0	0	0	0	0	0	0	0	16119486	
250	1	B	8	N	2500	0	40	20	18	9	155	155	0	0	0	0	0	0	0	0	0	0	0	0	16120032	
251	1	B	8	N	2500	0	40	45	41	1	0	0	0	0	0	0	0	0	0	0	0	0	0	0	16120469	
252	1	B	8	N	2500	0	40	199	421	23	17	40	0	0	0	0	0	0	0	0	0	0	0	0	16120469	
253	1	B	8	N	2500	0	40	23	33	2	2	5	0	0	0	0	0	0	0	0	0	0	0	0	16120672	
254	1	B	8	N	2500	0	40	20	29	1	2	4	0	0	0	0	0	0	0	0	0	0	0	0	16120797	
255	1	B	8	N	2500	0	40	21	42	2	2	4	0	0	0	0	0	0	0	0	0	0	0	0	16122623	
256	1	B	8	N	2500	0	40	27	54	2	2	1	0	0	0	0	0	0	0	0	0	0	0	0	16122716	
257	1	B	8	N	2500	0	40	64	129	4	7	22	0	0	0	0	0	0	0	0	0	0	0	0	16122841	
258	1	B	8	N	2500	0	40	379	533	30	21	71	0	0	0	0	0	0	0	0	0	0	0	0	16123387	
259	1	B	7	N	2500	0	40	274	2127	527	7	23	0	0	0	0	0	0	0	0	0	0	0	0	16130784	
260	1	B	7	N	2500	0	40	25	33	1	2	3	0	0	0	0	0	0	0	0	0	0	0	0	16132078	
261	1	B	7	N	2500	0	40	25	43	2	2	5	0	0	0	0	0	0	0	0	0	0	0	0	16132905	
262	1	B	7	N	2500	0	40	21	29	2	2	6	0	0	0	0	0	0	0	0	0	0	0	0	16133108	
263	1	B	7	N	2500	0	40	49	73	5	6	12	0	0	0	0	0	0	0	0	0	0	0	0	16133280	
264	1	B	7	N	2500	0	40	23	37	2	2	6	0	0	0	0	0	0	0	0	0	0	0	0	16133389	
265	1	B	7	N	2500	0	40	23	32	2	1	4	0	0	0	0	0	0	0	0	0	0	0	0	16133515	
266	1	B	7	N	2500	0	40	24	32	2	1	2	0	0	0	0	0	0	0	0	0	0	0	0	16134263	
267	1	B	7	N	2500	0	40	24	33	19	188	188	0	0	0	0	0	0	0	0	0	0	0	0	16134279	
268	1	B	7	N	2500	0	40	55	53	1	1	5	0	0	0	0	0	0	0	0	0	0	0	0	16134295	
269	1	B	7	N	2500	0	40	268	501	29	21	43	0	0	0	0	0	0	0	0	0	0	0	0	16134295	
270	1	B	7	N	2500	0	40	300	612	24	11	30	0	0	0	0	0	0	0	0	0	0	0	0	16134466	
271	1	B	7	N	2500	0	40	20	22	1	2	3	0	0	0	0	0	0	0	0	0	0	0	0	16135589	
272	1	B	7	N	2500	0	40	72	88	2	4	14	0	0	0	0	0	0	0	0	0	0	0	0	16136089	
273	1	B	7	N	2500	0	40	35	58	22	28	39	0	0	0	0	0	0	0	0	0	0	0	0	16136651	
274	1	B	7	N	2500	0	40	400	680	33	20	65	0	0	0	0	0	0	0	0	0	0	0	0	16136823	
275	1	B	7	N	2500	0	40	328	666	33	12	35	0	0	0	0	0	0	0	0	0	0	0	0	16137150	
276	1	B	7	N	2500	0	40	91	145	4	5	20	0	0	0	0	0	0	0	0	0	0	0	0	16137150	
277	1	B	6	N	2500	0	40	44	190	20	2	9	0	0	0	0	0	0	0	0	0	0	0	0	16145593	
278	1	B	6	N	2500	0	40	26	44	6	0	1	0	0	0	0	0	0	0	0	0	0	0	0	16145733	
279	1	B	6	N	2500	0	40	25	51	3	3	7	0	0	0	0	0	0	0	0	0	0	0	0	16146685	
280	1	B	6	N	2500	0	40	24	36	3	4	15	0	0	0	0	0	0	0	0	0	0	0	0	16146888	
281	1	B	6	N	2500	0	40	25	48	6	7	8	0	0	0	0	0	0	0	0	0	0	0	0	16147169	
282	1	B	6	N	2500	0	40	29	50	7	7	9	0	0	0	0	0	0	0	0	0	0	0	0	16147496	
283	1	B	6	N	2500	0	40	308	609	26	20	66	0	0	0	0	0	0	0	0	0	0	0	0	16147964	
284	1	B	6	N	2500	0	40	22	43	4	7	17	0	0	0	0	0	0	0	0	0	0	0	0	16148933	
285	1	B	6	N	2500	0	40	37	40	1	2	12	0	0	0	0	0	0	0	0	0	0	0	0	16149369	
286	1	B	6	N	2500	0	40	36	47	1	2	7	0	0	0	0	0	0	0	0	0	0	0	0	16150430	
287	1	B	6	N	2500	0	40	301	543	26	10	26	0	0	0	0	0	0	0	0	0	0	0	0	16150992	
288	1	B	6	N	2500	0	40	23	21	0	0	0	0	0	0	0	0	0	0	0	0	0	0	0	16151413	
289	1	B	6	N	2500	0	40	25	30	1	2	5	0	0	0	0	0	0	0	0	0	0	0	0	16151617	
290	1	B	6	N	2500	0	40	302	633	31	14	36	0	0	0	0	0	0	0	0	0	0	0	0	16151710	
291	1	B	6	N	2500	0	40	321	611	33	20	52	0	0	0	0	0	0	0	0	0	0	0	0	16152147	
292	1	B	6	N	2500	0	40	437	577	34	27	74	0	0	0	0	0	0	0	0	0	0	0	0	16152163	
293	1	B	5	N	2500	0	40	314	630	33	15	36	0	0	0	0	0	0	0	0	0	0	0	0	16160104	
294	1	B	5	N	2500	0	40	308	587	31	16	41	0	0	0	0	0	0	0	0	0	0	0	0	16161478	
295	1	B	5	N	2500	0	40	77	184	14	21	51	0	0	0	0	0	0	0	0	0	0	0	0	16161821	
296	1	B	5	N	2500	0	40	344	745	54	15	40	0	0	0	0	0	0	0	0	0	0	0	0	16161930	
297	1	B	5	N	2500	0	40	25	50	2	1	1	0	0	0	0	0	0	0	0	0	0	0	0	16161930	
298	1	B	5	N	2500	0	40	23	28	14	180	180	0	0	0	0	0	0	0	0	0	0	0	0	16162398	
299	1	B	5	N	2500	0	40	29	46	3	3	7	0	0	0	0	0	0	0	0	0	0	0	0	16162414	
300	1	B	5	N	2500	0	40	22	37	2	1	3	0	0	0	0	0	0	0	0	0	0	0	0	16162882	
301	1	B	5	N	2500	0	40	27	56	9	10	12	0	0	0	0	0	0	0	0	0	0	0	0	16163256	
302	1	B	5	N	2500	0	40	329	662	32	11	31	0	0	0	0	0	0	0	0	0	0	0	0	16164677	
303	1	B	5	N	2500	0	40	26	36	1	5	19	0	0	0	0	0	0	0	0	0	0	0	0	16165332	
304	1	B	5	N	2500	0	40	302	549	26	12	28	0	0	0	0	0	0	0	0	0	0	0	0	16165504	
305	1	B	5	N	2500	0	40	62	118	3	6	16	0	0	0	0	0	0	0	0	0	0	0	0	16166128	
306	1	B	5	N	2500	0	40	42	62	4	4	8	0	0	0	0	0	0	0	0	0	0	0	0	16166533	
307	1	B	4	N	2500	0	40	21	34	5	0	0	0	0	0	0	0	0	0	0	0	0	0	0	16175178	
308	1	B	4	N	2500	0	40	332	662	32	16	41	0	0	0	0	0	0	0	0	0	0	0	0	16175708	
309	1	B	4	N	2500	0	40	20	33	1	1	2	0	0	0	0	0	0	0	0	0	0	0	0	16176114	
310	1	B	4	N	2500	0	40	321	582	35	17	42	0	0	0	0	0	0	0	0	0	0	0	0	16177487	
311	1	B	4	N	2500	0	40	330	621	38	32	96	0	0	0	0	0	0	0	0	0	0	0	0	16177533	
312	1	B	4	N	2500	0	40	23	44	6	7	12	0	0	0	0	0	0	0	0	0	0	0	0	16178564	
313	1	B	4	N	2500	0	40	279	506	29	10	23	0	0	0	0	0	0	0	0	0	0	0	0	16178720	
314	1	B	4	N	2500	0	40	26	42	5	7	13	0	0	0	0	0	0	0	0	0	0	0	0	16178782	
315	1	B	4	N	2500	0	40	46	79	15	23	31	0	0	0	0	0	0	0	0	0	0	0	0	16179360	
316	1	B	4	N	2500	0	40	34	69	4	5	11	0	0	0	0	0	0	0	0	0	0	0	0	16179562	
317	1	B	4	N	2500	0	40	310	554	29	33	109	0	0	0	0	0	0	0	0	0	0	0	0	16180389	
318	1	B	4	N	2500	0	40	332	732	45	28	70	0	0	0	0	0	0	0	0	0	0	0	0	16180920	
319	1	B	4	N	2500	0	40	213	531	34	26	50	0	0	0	0	0	0	0	0	0	0	0	0	16181450	
320	1	B	3	N	2500	0	40	333	749	48	17	34	0	0	0	0	0	0	0	0	0	0	0	0	16190141	
321	1	B	3	N	2500	0	40	31	46	12	13	13	0	0	0	0	0	0	0	0	0	0	0	0	16190813	
322	1	B	3	N	2500	0	40	22	18	0	0	0	0	0	0	0	0	0	0	0	0	0	0	0	16191577	
323	1	B	3	N	2500	0	40	33	52	1	1	3	0	0	0	0	0	0	0	0	0	0	0	0	16191593	
324	1	B	3	N	2500	0	40	24	45	2	3	8	0	0	0	0	0	0	0	0	0	0	0	0	16191687	
325	1	B	3	N	2500	0	40	292	541	30	12	33	0	0	0	0	0	0	0	0	0	0	0	0	16191702	
326	1	B	3	N	2500	0	40	38	58	3	2	5	0	0	0	0	0	0	0	0	0	0	0	0	16191843	
327	1	B	3	N	2500	0	40	119	179	7	7	17	0	0	0	0	0	0	0	0	0	0	0	0	16192233	
328	1	B	3	N	2500	0	40	314	673	29	13	25	0	0	0	0	0	0	0	0	0	0	0	0	16192264	
329	1	B	3	N	2500	0	40	310	573	26	13	33	0	0	0	0	0	0	0	0	0	0	0	0	16192420	
330	1	B	3	N	2500	0	40	315	683	32	21	56	0	0	0	0	0	0	0	0	0	0	0	0	16192576	
331	1	B	3	N	2500	0	40	320	664	34	11	23	0	0	0	0	0	0	0	0	0	0	0	0	16192623	
332	1	B	3	N	2500	0	40	24	40	1	1	3	0	0	0	0	0	0	0	0	0	0	0	0	16193465	
333	1	B	3	N	2500	0	40	22	37	1	2	5	0	0	0	0	0	0	0	0	0	0	0	0	16193996	
334	1	B	3	N	2500	0	40	25	43	2	2	5	0	0	0	0	0	0	0	0	0	0	0	0	16194152	
335	1	B	3	N	2500	0	40	321	667	37	30	82	0	0	0	0	0	0	0	0	0	0	0	0	16194199	
336	1	B	3	N	2500	0	40	23	26	1	3	8	0	0	0	0	0	0	0	0	0	0	0	0	16194371	
337	1	B	3	N	2500	0	40	29	58	19	23	22	0	0	0	0	0	0	0	0	0	0	0	0	16194605	
338	1	B	3	N	2500	0	40	22	33	6	6	5	0	0	0	0	0	0	0	0	0	0	0	0	16194605	
339	1	B	3	N	2500	0	40	210	534	29	19	39	0	0	0	0	0	0	0	0	0	0	0	0	16194839	
340	1	B	3	N	2500	0	40	30	74	34	237	237	0	0	0	0	0	0	0	0	0	0	0	0	16194901	
341	1	B	3	N	2500	0	40	23	32	1	1	3	0	0	0	0	0	0	0	0	0	0	0	0	16195010	
342	1	B	3	N	2500	0	40	323	613	36	11	30	0	0	0	0	0	0	0	0	0	0	0	0	16195120	
343	1	B	3	N	2500	0	40	28	51	1	1	2	0	0	0	0	0	0	0	0	0	0	0	0	16195494	
344	1	B	3	N	2500	0	40	50	120	5	7	20	0	0	0	0	0	0	0	0	0	0	0	0	16195868	
345	1	B	3	N	2500	0	40	30	55	17	234	237	0	0	0	0	0	0	0	0	0	0	0	0	16195962	
346	1	B	3	N	2500	0	40	22	19	0	0	0	0	0	0	0	0	0	0	0	0	0	0	0	16195993	
347	1	B	3	N	2500	0	40	316	725	32	27	62	0	0	0	0	0	0	0	0	0	0	0	0	16196009	
348	1	B	3	N	2500	0	40	22	31	1	0	1	0	0	0	0	0	0	0	0	0	0	0	0	16196165	
349	1	B	3	N	2500	0	40	21	27	2	1	2	0	0	0	0	0	0	0	0	0	0	0	0	16196305	
350	1	B	3	N	2500	0	40	22	30	1	2	4	0	0	0	0	0	0	0	0	0	0	0	0	16196712	
351	1	B	2	N	2500	0	40	326	670	42	21	62	0	0	0	0	0	0	0	0	0	0	0	0	16204436	
352	1	B	2	N	2500	0	40	304	561	29	13	37	0	0	0	0	0	0	0	0	0	0	0	0	16204576	
353	1	B	2	N	2500	0	40	384	775	45	31	87	0	0	0	0	0	0	0	0	0	0	0	0	16204919	
354	1	B	2	N	2500	0	40	350	689	42	22	44	0	0	0	0	0	0	0	0	0	0	0	0	16205387	
355	1	B	2	N	2500	0	40	299	621	30	9	25	0	0	0	0	0	0	0	0	0	0	0	0	16205403	
356	1	B	2	N	2500	0	40	310	565	26	12	34	0	0	0	0	0	0	0	0	0	0	0	0	16205434	
357	1	B	2	N	2500	0	40	24	42	2	2	6	0	0	0	0	0	0	0	0	0	0	0	0	16205700	
358	1	B	2	N	2500	0	40	22	40	2	3	11	0	0	0	0	0	0	0	0	0	0	0	0	16206044	
359	1	B	2	N	2500	0	40	309	625	35	12	36	0	0	0	0	0	0	0	0	0	0	0	0	16206543	
360	1	B	2	N	2500	0	40	22	23	1	1	6	0	0	0	0	0	0	0	0	0	0	0	0	16206995	
361	1	B	2	N	2500	0	40	300	535	24	14	42	0	0	0	0	0	0	0	0	0	0	0	0	16207104	
362	1	B	2	N	2500	0	40	343	669	45	12	34	0	0	0	0	0	0	0	0	0	0	0	0	16207292	
363	1	B	2	N	2500	0	40	22	27	1	2	7	0	0	0	0	0	0	0	0	0	0	0	0	16207697	
364	1	B	2	N	2500	0	40	347	748	42	17	41	0	0	0	0	0	0	0	0	0	0	0	0	16207838	
365	1	B	2	N	2500	0	40	20	36	2	2	3	0	0	0	0	0	0	0	0	0	0	0	0	16207869	
366	1	B	2	N	2500	0	40	441	810	56	27	77	0	0	0	0	0	0	0	0	0	0	0	0	16208056	
367	1	B	2	N	2500	0	40	312	605	33	17	41	0	0	0	0	0	0	0	0	0	0	0	0	16208259	
368	1	B	2	N	2500	0	40	309	662	31	13	28	0	0	0	0	0	0	0	0	0	0	0	0	16209180	
369	1	B	2	N	2500	0	40	291	577	25	11	29	0	0	0	0	0	0	0	0	0	0	0	0	16209258	
370	1	B	2	N	2500	0	40	379	801	44	24	60	0	0	0	0	0	0	0	0	0	0	0	0	16209835	
371	1	B	2	N	2500	0	40	23	41	2	1	1	0	0	0	0	0	0	0	0	0	0	0	0	16210023	
372	1	B	2	N	2500	0	40	314	575	29	11	34	0	0	0	0	0	0	0	0	0	0	0	0	16210413	
373	1	B	2	N	2500	0	40	380	634	33	17	56	0	0	0	0	0	0	0	0	0	0	0	0	16210475	
374	1	B	2	N	2500	0	40	66	69	1	4	13	0	0	0	0	0	0	0	0	0	0	0	0	16210615	
375	1	B	2	N	2500	0	40	31	54	2	3	8	0	0	0	0	0	0	0	0	0	0	0	0	16210678	
376	1	B	2	N	2500	0	40	25	54	18	23	25	0	0	0	0	0	0	0	0	0	0	0	0	16210756	
377	1	B	2	N	2500	0	40	54	49	1	1	3	0	0	0	0	0	0	0	0	0	0	0	0	16210787	
378	1	B	2	N	2500	0	40	227	575	29	20	55	0	0	0	0	0	0	0	0	0	0	0	0	16210787	
379	1	B	2	N	2500	0	40	92	271	23	27	43	0	0	0	0	0	0	0	0	0	0	0	0	16211005	
380	1	B	1	N	2500	0	40	23	33	2	3	6	0	0	0	0	0	0	0	0	0	0	0	0	16219026	
381	1	B	1	N	2500	0	40	25	44	15	18	22	0	0	0	0	0	0	0	0	0	0	0	0	16219166	
382	1	B	1	N	2500	0	40	448	616	31	19	65	0	0	0	0	0	0	0	0	0	0	0	0	16219478	
383	1	B	1	N	2500	0	40	326	638	31	21	54	0	0	0	0	0	0	0	0	0	0	0	0	16219587	
384	1	B	1	N	2500	0	40	303	508	24	12	31	0	0	0	0	0	0	0	0	0	0	0	0	16219603	
385	1	B	1	N	2500	0	40	26	41	10	12	14	0	0	0	0	0	0	0	0	0	0	0	0	16220274	
386	1	B	1	N	2500	0	40	323	571	32	12	30	0	0	0	0	0	0	0	0	0	0	0	0	16220352	
387	1	B	1	N	2500	0	40	220	453	21	22	65	0	0	0	0	0	0	0	0	0	0	0	0	16220680	
388	1	B	1	N	2500	0	40	157	519	32	17	40	0	0	0	0	0	0	0	0	0	0	0	0	16220743	
389	1	B	1	N	2500	0	40	29	52	13	14	15	0	0	0	0	0	0	0	0	0	0	0	0	16220852	
390	1	B	1	N	2500	0	40	303	541	31	14	40	0	0	0	0	0	0	0	0	0	0	0	0	16221164	
391	1	B	1	N	2500	0	40	25	42	2	2	5	0	0	0	0	0	0	0	0	0	0	0	0	16221866	
392	1	B	1	N	2500	0	40	25	49	6	5	4	0	0	0	0	0	0	0	0	0	0	0	0	16221928	
393	1	B	1	N	2500	0	40	334	613	32	14	47	0	0	0	0	0	0	0	0	0	0	0	0	16222147	
394	1	B	1	N	2500	0	40	22	46	3	3	7	0	0	0	0	0	0	0	0	0	0	0	0	16222412	
395	1	B	1	N	2500	0	40	20	36	1	1	0	0	0	0	0	0	0	0	0	0	0	0	0	16223067	
396	1	B	1	N	2500	0	40	21	24	0	1	1	0	0	0	0	0	0	0	0	0	0	0	0	16223488	
397	1	B	1	N	2500	0	40	21	32	2	1	1	0	0	0	0	0	0	0	0	0	0	0	0	16223722	
398	1	B	1	N	2500	0	40	22	35	2	1	3	0	0	0	0	0	0	0	0	0	0	0	0	16223816	
399	1	B	1	N	2500	0	40	317	521	23	9	30	0	0	0	0	0	0	0	0	0	0	0	0	16224627	
400	1	B	1	N	2500	0	40	32	48	3	5	10	0	0	0	0	0	0	0	0	0	0	0	0	16224924	
401	1	B	1	N	2500	0	40	123	210	7	15	48	0	0	0	0	0	0	0	0	0	0	0	0	16225002	
402	1	B	1	N	2500	0	40	313	525	30	15	43	0	0	0	0	0	0	0	0	0	0	0	0	16225189	
403	1	B	1	N	2500	0	40	22	32	1	2	5	0	0	0	0	0	0	0	0	0	0	0	0	16225750	
404	1	B	1	N	2500	0	40	290	571	28	15	46	0	0	0	0	0	0	0	0	0	0	0	0	16225922	
405	1	C	1	N	2500	0	40	349	640	38	18	47	0	0	0	0	0	0	0	0	0	0	0	0	16233616	
406	1	C	1	N	2500	0	40	31	38	3	4	8	0	0	0	0	0	0	0	0	0	0	0	0	16233709	
407	1	C	1	N	2500	0	40	22	28	2	1	4	0	0	0	0	0	0	0	0	0	0	0	0	16233772	
408	1	C	1	N	2500	0	40	303	579	28	17	46	0	0	0	0	0	0	0	0	0	0	0	0	16233881	
409	1	C	1	N	2500	0	40	38	51	4	4	9	0	0	0	0	0	0	0	0	0	0	0	0	16234084	
410	1	C	1	N	2500	0	40	373	574	33	25	85	0	0	0	0	0	0	0	0	0	0	0	0	16234084	
411	1	C	1	N	2500	0	40	21	20	1	1	1	0	0	0	0	0	0	0	0	0	0	0	0	16234505	
412	1	C	1	N	2500	0	40	219	516	27	17	35	0	0	0	0	0	0	0	0	0	0	0	0	16234833	
413	1	C	1	N	2500	0	40	21	27	1	2	4	0	0	0	0	0	0	0	0	0	0	0	0	16235269	
414	1	C	1	N	2500	0	40	53	122	7	9	16	0	0	0	0	0	0	0	0	0	0	0	0	16235394	
415	1	C	1	N	2500	0	40	38	50	2	1	5	0	0	0	0	0	0	0	0	0	0	0	0	16235472	
416	1	C	1	N	2500	0	40	37	48	3	3	8	0	0	0	0	0	0	0	0	0	0	0	0	16235628	
417	1	C	1	N	2500	0	40	23	21	0	0	0	0	0	0	0	0	0	0	0	0	0	0	0	16235769	
418	1	C	1	N	2500	0	40	229	439	26	16	44	0	0	0	0	0	0	0	0	0	0	0	0	16235769	
419	1	C	1	N	2500	0	40	36	45	2	3	10	0	0	0	0	0	0	0	0	0	0	0	0	16235909	
420	1	C	1	N	2500	0	40	317	668	42	11	34	0	0	0	0	0	0	0	0	0	0	0	0	16236611	
421	1	C	1	N	2500	0	40	31	58	2	2	3	0	0	0	0	0	0	0	0	0	0	0	0	16236751	
422	1	C	1	N	2500	0	40	28	51	11	16	19	0	0	0	0	0	0	0	0	0	0	0	0	16237001	
423	1	C	1	N	2500	0	40	23	48	3	5	9	0	0	0	0	0	0	0	0	0	0	0	0	16237329	
424	1	C	1	N	2500	0	40	22	33	2	2	4	0	0	0	0	0	0	0	0	0	0	0	0	16237329	
425	1	C	1	N	2500	0	40	20	33	2	3	6	0	0	0	0	0	0	0	0	0	0	0	0	16237781	
426	1	C	1	N	2500	0	40	22	24	1	1	2	0	0	0	0	0	0	0	0	0	0	0	0	16238109	
427	1	C	1	N	2500	0	40	21	18	1	2	5	0	0	0	0	0	0	0	0	0	0	0	0	16238202	
428	1	C	1	N	2500	0	40	305	657	35	34	105	0	0	0	0	0	0	0	0	0	0	0	0	16238280	
429	1	C	1	N	2500	0	40	236	507	26	17	42	0	0	0	0	0	0	0	0	0	0	0	0	16238311	
430	1	C	1	N	2500	0	40	306	525	26	16	51	0	0	0	0	0	0	0	0	0	0	0	0	16238327	
431	1	C	1	N	2500	0	40	21	19	0	0	0	0	0	0	0	0	0	0	0	0	0	0	0	16238546	
432	1	C	1	N	2500	0	40	303	575	24	11	33	0	0	0	0	0	0	0	0	0	0	0	0	16238578	
433	1	C	1	N	2500	0	40	48	101	10	12	17	0	0	0	0	0	0	0	0	0	0	0	0	16238718	
434	1	C	1	N	2500	0	40	353	759	45	27	62	0	0	0	0	0	0	0	0	0	0	0	0	16238999	
435	1	C	1	N	2500	0	40	443	739	32	25	87	0	0	0	0	0	0	0	0	0	0	0	0	16239092	
436	1	C	1	N	2500	0	40	25	41	1	2	5	0	0	0	0	0	0	0	0	0	0	0	0	16239217	
437	1	C	1	N	2500	0	40	28	50	2	1	6	0	0	0	0	0	0	0	0	0	0	0	0	16239217	
438	1	C	1	N	2500	0	40	41	59	3	3	9	0	0	0	0	0	0	0	0	0	0	0	0	16239529	
439	1	C	1	N	2500	0	40	345	579	24	18	58	0	0	0	0	0	0	0	0	0	0	0	0	16239841	
440	1	C	1	N	2500	0	40	29	41	1	3	5	0	0	0	0	0	0	0	0	0	0	0	0	16240247	
441	1	C	1	N	2500	0	40	26	39	3	4	5	0	0	0	0	0	0	0	0	0	0	0	0	16240340	
442	1	C	1	N	2500	0	40	345	682	36	15	25	0	0	0	0	0	0	0	0	0	0	0	0	16240606	
443	1	C	2	N	2500	0	40	366	760	37	14	38	0	0	0	0	0	0	0	0	0	0	0	0	16247940	
444	1	C	2	N	2500	0	40	28	39	2	2	4	0	0	0	0	0	0	0	0	0	0	0	0	16249297	
445	1	C	2	N	2500	0	40	250	550	24	10	30	0	0	0	0	0	0	0	0	0	0	0	0	16249437	
446	1	C	2	N	2500	0	40	299	621	27	17	46	0	0	0	0	0	0	0	0	0	0	0	0	16249484	
447	1	C	2	N	2500	0	40	300	543	31	20	53	0	0	0	0	0	0	0	0	0	0	0	0	16249765	
448	1	C	2	N	2500	0	40	27	51	7	8	10	0	0	0	0	0	0	0	0	0	0	0	0	16249936	
449	1	C	2	N	2500	0	40	69	111	3	1	4	0	0	0	0	0	0	0	0	0	0	0	0	16250077	
450	1	C	2	N	2500	0	40	305	577	29	15	47	0	0	0	0	0	0	0	0	0	0	0	0	16250186	
451	1	C	2	N	2500	0	40	316	673	44	21	42	0	0	0	0	0	0	0	0	0	0	0	0	16250248	
452	1	C	2	N	2500	0	40	25	26	1	1	1	0	0	0	0	0	0	0	0	0	0	0	0	16250311	
453	1	C	2	N	2500	0	40	21	29	1	1	5	0	0	0	0	0	0	0	0	0	0	0	0	16250389	
454	1	C	2	N	2500	0	40	27	42	2	2	6	0	0	0	0	0	0	0	0	0	0	0	0	16251201	
455	1	C	2	N	2500	0	40	442	998	50	27	78	0	0	0	0	0	0	0	0	0	0	0	0	16251716	
456	1	C	2	N	2500	0	40	20	21	1	2	4	0	0	0	0	0	0	0	0	0	0	0	0	16251825	
457	1	C	2	N	2500	0	40	297	553	28	15	43	0	0	0	0	0	0	0	0	0	0	0	0	16251965	
458	1	C	2	N	2500	0	40	95	101	2	2	8	0	0	0	0	0	0	0	0	0	0	0	0	16252184	
459	1	C	2	N	2500	0	40	34	45	0	0	5	0	0	0	0	0	0	0	0	0	0	0	0	16252184	
460	1	C	2	N	2500	0	40	288	626	27	15	39	0	0	0	0	0	0	0	0	0	0	0	0	16252215	
461	1	C	2	N	2500	0	40	275	538	26	16	41	0	0	0	0	0	0	0	0	0	0	0	0	16252558	
462	1	C	2	N	2500	0	40	39	42	4	4	6	0	0	0	0	0	0	0	0	0	0	0	0	16252699	
463	1	C	2	N	2500	0	40	54	67	2	3	9	0	0	0	0	0	0	0	0	0	0	0	0	16252777	
464	1	C	2	N	2500	0	40	241	544	29	22	57	0	0	0	0	0	0	0	0	0	0	0	0	16253135	
465	1	C	2	N	2500	0	40	22	22	0	2	4	0	0	0	0	0	0	0	0	0	0	0	0	16253636	
466	1	C	2	N	2500	0	40	303	502	25	12	34	0	0	0	0	0	0	0	0	0	0	0	0	16253714	
467	1	C	2	N	2500	0	40	298	546	33	14	41	0	0	0	0	0	0	0	0	0	0	0	0	16253729	
468	1	C	2	N	2500	0	40	41	113	210	327	327	0	0	0	0	0	0	0	0	0	0	0	0	16253745	
469	1	C	2	N	2500	0	40	316	627	31	19	51	0	0	0	0	0	0	0	0	0	0	0	0	16253760	
470	1	C	2	N	2500	0	40	89	178	8	6	10	0	0	0	0	0	0	0	0	0	0	0	0	16253776	
471	1	C	2	N	2500	0	40	187	395	17	18	46	0	0	0	0	0	0	0	0	0	0	0	0	16253776	
472	1	C	2	N	2500	0	40	287	601	33	16	32	0	0	0	0	0	0	0	0	0	0	0	0	16254213	
473	1	C	2	N	2500	0	40	319	679	28	12	23	0	0	0	0	0	0	0	0	0	0	0	0	16254291	
474	1	C	2	N	2500	0	40	305	570	28	15	38	0	0	0	0	0	0	0	0	0	0	0	0	16254353	
475	1	C	2	N	2500	0	40	315	591	30	17	47	0	0	0	0	0	0	0	0	0	0	0	0	16254400	
476	1	C	2	N	2500	0	40	302	576	32	19	58	0	0	0	0	0	0	0	0	0	0	0	0	16254447	
477	1	C	2	N	2500	0	40	48	85	6	7	15	0	0	0	0	0	0	0	0	0	0	0	0	16254525	
478	1	C	2	N	2500	0	40	311	587	28	16	42	0	0	0	0	0	0	0	0	0	0	0	0	16254759	
479	1	C	2	N	2500	0	40	22	44	3	2	5	0	0	0	0	0	0	0	0	0	0	0	0	16254821	
480	1	C	2	N	2500	0	40	25	46	2	1	2	0	0	0	0	0	0	0	0	0	0	0	0	16254821	
481	1	C	2	N	2500	0	40	22	36	3	5	9	0	0	0	0	0	0	0	0	0	0	0	0	16254884	
482	1	C	2	N	2500	0	40	28	42	3	2	4	0	0	0	0	0	0	0	0	0	0	0	0	16255055	
483	1	C	2	N	2500	0	40	29	38	3	3	7	0	0	0	0	0	0	0	0	0	0	0	0	16255196	
484	1	C	2	N	2500	0	40	29	62	4	5	11	0	0	0	0	0	0	0	0	0	0	0	0	16255398	
485	1	C	2	N	2500	0	40	21	29	3	4	5	0	0	0	0	0	0	0	0	0	0	0	0	16255430	
486	1	C	2	N	2500	0	40	312	619	32	21	52	0	0	0	0	0	0	0	0	0	0	0	0	16255445	
487	1	C	3	N	2500	0	40	21	32	2	4	8	0	0	0	0	0	0	0	0	0	0	0	0	16262717	
488	1	C	3	N	2500	0	40	26	40	3	3	5	0	0	0	0	0	0	0	0	0	0	0	0	16263154	
489	1	C	3	N	2500	0	40	21	35	2	4	11	0	0	0	0	0	0	0	0	0	0	0	0	16263232	
490	1	C	3	N	2500	0	40	59	82	5	4	5	0	0	0	0	0	0	0	0	0	0	0	0	16263887	
491	1	C	3	N	2500	0	40	311	542	34	11	20	0	0	0	0	0	0	0	0	0	0	0	0	16263918	
492	1	C	3	N	2500	0	40	23	28	1	1	3	0	0	0	0	0	0	0	0	0	0	0	0	16264308	
493	1	C	3	N	2500	0	40	24	35	2	2	5	0	0	0	0	0	0	0	0	0	0	0	0	16264433	
494	1	C	3	N	2500	0	40	30	41	1	1	3	0	0	0	0	0	0	0	0	0	0	0	0	16264542	
495	1	C	3	N	2500	0	40	27	35	2	2	4	0	0	0	0	0	0	0	0	0	0	0	0	16265182	
496	1	C	3	N	2500	0	40	285	699	30	23	65	0	0	0	0	0	0	0	0	0	0	0	0	16265666	
497	1	C	3	N	2500	0	40	35	33	1	1	4	0	0	0	0	0	0	0	0	0	0	0	0	16265885	
498	1	C	3	N	2500	0	40	22	33	0	1	5	0	0	0	0	0	0	0	0	0	0	0	0	16265885	
499	1	C	3	N	2500	0	40	25	25	1	4	16	0	0	0	0	0	0	0	0	0	0	0	0	16265947	
500	1	C	3	N	2500	0	40	21	22	1	0	1	0	0	0	0	0	0	0	0	0	0	0	0	16266290	
501	1	C	3	N	2500	0	40	31	62	6	9	11	0	0	0	0	0	0	0	0	0	0	0	0	16266431	
502	1	C	3	N	2500	0	40	24	47	1	1	4	0	0	0	0	0	0	0	0	0	0	0	0	16266431	
503	1	C	3	N	2500	0	40	28	66	3	3	7	0	0	0	0	0	0	0	0	0	0	0	0	16266493	
504	1	C	3	N	2500	0	40	26	40	2	3	5	0	0	0	0	0	0	0	0	0	0	0	0	16266805	
505	1	C	3	N	2500	0	40	304	468	24	11	26	0	0	0	0	0	0	0	0	0	0	0	0	16266821	
506	1	C	3	N	2500	0	40	47	82	62	376	376	0	0	0	0	0	0	0	0	0	0	0	0	16267460	
507	1	C	3	N	2500	0	40	218	429	18	8	28	0	0	0	0	0	0	0	0	0	0	0	0	16267601	
508	1	C	3	N	2500	0	40	166	510	29	25	67	0	0	0	0	0	0	0	0	0	0	0	0	16267850	
509	1	C	3	N	2500	0	40	20	29	1	3	9	0	0	0	0	0	0	0	0	0	0	0	0	16268053	
510	1	C	3	N	2500	0	40	22	36	2	2	4	0	0	0	0	0	0	0	0	0	0	0	0	16268100	
511	1	C	3	N	2500	0	40	26	33	1	2	5	0	0	0	0	0	0	0	0	0	0	0	0	16268116	
512	1	C	3	N	2500	0	40	29	37	2	5	14	0	0	0	0	0	0	0	0	0	0	0	0	16268131	
513	1	C	3	N	2500	0	40	31	31	2	1	5	0	0	0	0	0	0	0	0	0	0	0	0	16268381	
514	1	C	3	N	2500	0	40	29	45	1	1	1	0	0	0	0	0	0	0	0	0	0	0	0	16268818	
515	1	C	3	N	2500	0	40	40	42	1	1	5	0	0	0	0	0	0	0	0	0	0	0	0	16268833	
516	1	C	3	N	2500	0	40	28	23	1	1	6	0	0	0	0	0	0	0	0	0	0	0	0	16268911	
517	1	C	3	N	2500	0	40	357	559	27	24	77	0	0	0	0	0	0	0	0	0	0	0	0	16269613	
518	1	C	3	N	2500	0	40	75	97	4	4	5	0	0	0	0	0	0	0	0	0	0	0	0	16269644	
519	1	C	3	N	2500	0	40	24	43	2	2	5	0	0	0	0	0	0	0	0	0	0	0	0	16269972	
520	1	C	3	N	2500	0	40	293	515	24	8	20	0	0	0	0	0	0	0	0	0	0	0	0	16270003	
521	1	C	4	N	2500	0	40	321	503	27	13	30	0	0	0	0	0	0	0	0	0	0	0	0	16277915	
522	1	C	4	N	2500	0	40	314	649	30	21	73	0	0	0	0	0	0	0	0	0	0	0	0	16278789	
523	1	C	4	N	2500	0	40	531	1004	80	43	124	0	0	0	0	0	0	0	0	0	0	0	0	16279085	
524	1	C	4	N	2500	0	40	304	611	32	13	35	0	0	0	0	0	0	0	0	0	0	0	0	16279756	
525	1	C	4	N	2500	0	40	20	38	2	2	5	0	0	0	0	0	0	0	0	0	0	0	0	16280146	
526	1	C	4	N	2500	0	40	22	37	5	6	9	0	0	0	0	0	0	0	0	0	0	0	0	16280146	
527	1	C	4	N	2500	0	40	24	39	7	11	13	0	0	0	0	0	0	0	0	0	0	0	0	16280224	
528	1	C	4	N	2500	0	40	24	37	2	2	5	0	0	0	0	0	0	0	0	0	0	0	0	16280287	
529	1	C	4	N	2500	0	40	20	24	1	2	7	0	0	0	0	0	0	0	0	0	0	0	0	16280349	
530	1	C	4	N	2500	0	40	324	677	37	13	29	0	0	0	0	0	0	0	0	0	0	0	0	16280708	
531	1	C	4	N	2500	0	40	299	1027	50	61	149	0	0	0	0	0	0	0	0	0	0	0	0	16281207	
532	1	C	4	N	2500	0	40	267	508	26	10	32	0	0	0	0	0	0	0	0	0	0	0	0	16281457	
533	1	C	4	N	2500	0	40	23	25	1	1	2	0	0	0	0	0	0	0	0	0	0	0	0	16281613	
534	1	C	4	N	2500	0	40	315	675	33	17	40	0	0	0	0	0	0	0	0	0	0	0	0	16281753	
535	1	C	4	N	2500	0	40	21	23	0	1	2	0	0	0	0	0	0	0	0	0	0	0	0	16281909	
536	1	C	4	N	2500	0	40	43	192	7	7	15	0	0	0	0	0	0	0	0	0	0	0	0	16282143	
537	1	C	4	N	2500	0	40	21	39	4	5	8	0	0	0	0	0	0	0	0	0	0	0	0	16282159	
538	1	C	4	N	2500	0	40	312	686	31	23	59	0	0	0	0	0	0	0	0	0	0	0	0	16282299	
539	1	C	4	N	2500	0	40	20	26	1	0	1	0	0	0	0	0	0	0	0	0	0	0	0	16282377	
540	1	C	4	N	2500	0	40	50	79	6	8	20	0	0	0	0	0	0	0	0	0	0	0	0	16282845	
541	1	C	4	N	2500	0	40	34	64	2	2	7	0	0	0	0	0	0	0	0	0	0	0	0	16283141	
542	1	C	4	N	2500	0	40	23	37	1	2	5	0	0	0	0	0	0	0	0	0	0	0	0	16283141	
543	1	C	4	N	2500	0	40	23	38	2	3	6	0	0	0	0	0	0	0	0	0	0	0	0	16283391	
544	1	C	4	N	2500	0	40	300	625	28	13	31	0	0	0	0	0	0	0	0	0	0	0	0	16283500	
545	1	C	4	N	2500	0	40	31	36	2	1	4	0	0	0	0	0	0	0	0	0	0	0	0	16283532	
546	1	C	4	N	2500	0	40	328	678	43	21	62	0	0	0	0	0	0	0	0	0	0	0	0	16283548	
547	1	C	4	N	2500	0	40	267	440	21	10	23	0	0	0	0	0	0	0	0	0	0	0	0	16283688	
548	1	C	4	N	2500	0	40	20	25	1	2	4	0	0	0	0	0	0	0	0	0	0	0	0	16284250	
549	1	C	4	N	2500	0	40	27	41	1	1	4	0	0	0	0	0	0	0	0	0	0	0	0	16284359	
550	1	C	4	N	2500	0	40	80	126	8	16	41	0	0	0	0	0	0	0	0	0	0	0	0	16284515	
551	1	C	4	N	2500	0	40	23	30	1	2	4	0	0	0	0	0	0	0	0	0	0	0	0	16284515	
552	1	C	4	N	2500	0	40	311	669	35	19	63	0	0	0	0	0	0	0	0	0	0	0	0	16284531	
553	1	C	4	N	2500	0	40	29	35	1	2	6	0	0	0	0	0	0	0	0	0	0	0	0	16284546	
554	1	C	4	N	2500	0	40	46	148	12	12	23	0	0	0	0	0	0	0	0	0	0	0	0	16284546	
555	1	C	4	N	2500	0	40	297	562	27	13	39	0	0	0	0	0	0	0	0	0	0	0	0	16284562	
556	1	C	4	N	2500	0	40	44	88	7	9	15	0	0	0	0	0	0	0	0	0	0	0	0	16284671	
557	1	C	4	N	2500	0	40	54	68	2	2	5	0	0	0	0	0	0	0	0	0	0	0	0	16284687	
558	1	C	5	N	2500	0	40	313	678	32	14	33	0	0	0	0	0	0	0	0	0	0	0	0	16291958	
559	1	C	5	N	2500	0	40	25	35	2	1	1	0	0	0	0	0	0	0	0	0	0	0	0	16293284	
560	1	C	5	N	2500	0	40	35	37	19	278	278	0	0	0	0	0	0	0	0	0	0	0	0	16293628	
561	1	C	5	N	2500	0	40	336	606	28	13	40	0	0	0	0	0	0	0	0	0	0	0	0	16294002	
562	1	C	5	N	2500	0	40	24	34	2	2	3	0	0	0	0	0	0	0	0	0	0	0	0	16294283	
563	1	C	5	N	2500	0	40	30	48	3	4	9	0	0	0	0	0	0	0	0	0	0	0	0	16294361	
564	1	C	5	N	2500	0	40	22	26	2	2	4	0	0	0	0	0	0	0	0	0	0	0	0	16295312	
565	1	C	5	N	2500	0	40	36	42	3	2	4	0	0	0	0	0	0	0	0	0	0	0	0	16295750	
566	1	C	5	N	2500	0	40	21	32	1	1	3	0	0	0	0	0	0	0	0	0	0	0	0	16296078	
567	1	C	5	N	2500	0	40	32	34	0	1	7	0	0	0	0	0	0	0	0	0	0	0	0	16296281	
568	1	C	5	N	2500	0	40	35	44	2	5	13	0	0	0	0	0	0	0	0	0	0	0	0	16296312	
569	1	C	5	N	2500	0	40	315	578	29	17	45	0	0	0	0	0	0	0	0	0	0	0	0	16297014	
570	1	C	5	N	2500	0	40	347	602	35	26	87	0	0	0	0	0	0	0	0	0	0	0	0	16297217	
571	1	C	5	N	2500	0	40	310	583	32	16	32	0	0	0	0	0	0	0	0	0	0	0	0	16297513	
572	1	C	5	N	2500	0	40	28	40	2	2	5	0	0	0	0	0	0	0	0	0	0	0	0	16297825	
573	1	C	5	N	2500	0	40	124	505	16	16	33	0	0	0	0	0	0	0	0	0	0	0	0	16297872	
574	1	C	5	N	2500	0	40	32	34	2	2	6	0	0	0	0	0	0	0	0	0	0	0	0	16298402	
575	1	C	5	N	2500	0	40	24	24	0	0	1	0	0	0	0	0	0	0	0	0	0	0	0	16298433	
576	1	C	5	N	2500	0	40	46	95	6	7	17	0	0	0	0	0	0	0	0	0	0	0	0	16298480	
577	1	C	5	N	2500	0	40	34	29	0	0	1	0	0	0	0	0	0	0	0	0	0	0	0	16298824	
578	1	C	5	N	2500	0	40	21	19	0	0	1	0	0	0	0	0	0	0	0	0	0	0	0	16298887	
579	1	C	5	N	2500	0	40	39	67	4	6	13	0	0	0	0	0	0	0	0	0	0	0	0	16299168	
580	1	C	5	N	2500	0	40	68	99	5	4	7	0	0	0	0	0	0	0	0	0	0	0	0	16299168	
581	1	C	5	N	2500	0	40	20	22	1	1	4	0	0	0	0	0	0	0	0	0	0	0	0	16299308	
582	1	C	5	N	2500	0	40	301	539	34	15	45	0	0	0	0	0	0	0	0	0	0	0	0	16299433	
583	1	C	6	N	2500	0	40	23	43	1	2	6	0	0	0	0	0	0	0	0	0	0	0	0	16307859	
584	1	C	6	N	2500	0	40	25	23	1	1	6	0	0	0	0	0	0	0	0	0	0	0	0	16307921	
585	1	C	6	N	2500	0	40	22	23	1	2	7	0	0	0	0	0	0	0	0	0	0	0	0	16308311	
586	1	C	6	N	2500	0	40	301	588	26	8	15	0	0	0	0	0	0	0	0	0	0	0	0	16308374	
587	1	C	6	N	2500	0	40	20	32	6	8	12	0	0	0	0	0	0	0	0	0	0	0	0	16308530	
588	1	C	6	N	2500	0	40	25	31	2	3	9	0	0	0	0	0	0	0	0	0	0	0	0	16308748	
589	1	C	6	N	2500	0	40	27	32	1	2	6	0	0	0	0	0	0	0	0	0	0	0	0	16309325	
590	1	C	6	N	2500	0	40	40	55	4	5	8	0	0	0	0	0	0	0	0	0	0	0	0	16309434	
591	1	C	6	N	2500	0	40	43	86	4	3	6	0	0	0	0	0	0	0	0	0	0	0	0	16309450	
592	1	C	6	N	2500	0	40	45	49	2	3	13	0	0	0	0	0	0	0	0	0	0	0	0	16309668	
593	1	C	6	N	2500	0	40	352	559	28	21	74	0	0	0	0	0	0	0	0	0	0	0	0	16309778	
594	1	C	6	N	2500	0	40	39	49	3	3	10	0	0	0	0	0	0	0	0	0	0	0	0	16311885	
595	1	C	6	N	2500	0	40	311	590	28	10	24	0	0	0	0	0	0	0	0	0	0	0	0	16311947	
596	1	C	6	N	2500	0	40	291	555	32	20	57	0	0	0	0	0	0	0	0	0	0	0	0	16311994	
597	1	C	6	N	2500	0	40	288	529	26	21	63	0	0	0	0	0	0	0	0	0	0	0	0	16312025	
598	1	C	6	N	2500	0	40	77	157	6	7	18	0	0	0	0	0	0	0	0	0	0	0	0	16312087	
599	1	C	6	N	2500	0	40	291	560	27	17	50	0	0	0	0	0	0	0	0	0	0	0	0	16312181	
600	1	C	6	N	2500	0	40	387	685	27	18	55	0	0	0	0	0	0	0	0	0	0	0	0	16312197	
601	1	C	6	N	2500	0	40	310	593	27	13	29	0	0	0	0	0	0	0	0	0	0	0	0	16312306	
602	1	C	6	N	2500	0	40	280	529	30	20	64	0	0	0	0	0	0	0	0	0	0	0	0	16312353	
603	1	C	6	N	2500	0	40	281	539	27	13	43	0	0	0	0	0	0	0	0	0	0	0	0	16312431	
604	1	C	6	N	2500	0	40	39	43	2	2	5	0	0	0	0	0	0	0	0	0	0	0	0	16312774	
605	1	C	6	N	2500	0	40	35	88	3	2	5	0	0	0	0	0	0	0	0	0	0	0	0	16312821	
606	1	C	6	N	2500	0	40	53	90	5	6	11	0	0	0	0	0	0	0	0	0	0	0	0	16312852	
607	1	C	6	N	2500	0	40	322	635	44	8	22	0	0	0	0	0	0	0	0	0	0	0	0	16312867	
608	1	C	6	N	2500	0	40	25	33	1	1	3	0	0	0	0	0	0	0	0	0	0	0	0	16312899	
609	1	C	6	N	2500	0	40	292	566	22	10	30	0	0	0	0	0	0	0	0	0	0	0	0	16313195	
610	1	C	6	N	2500	0	40	261	573	22	12	30	0	0	0	0	0	0	0	0	0	0	0	0	16313429	
611	1	C	6	N	2500	0	40	28	44	1	1	3	0	0	0	0	0	0	0	0	0	0	0	0	16313694	
612	1	C	6	N	2500	0	40	294	535	33	26	97	0	0	0	0	0	0	0	0	0	0	0	0	16313897	
613	1	C	6	N	2500	0	40	323	634	23	15	41	0	0	0	0	0	0	0	0	0	0	0	0	16314069	
614	1	C	7	N	2500	0	40	276	482	27	12	32	0	0	0	0	0	0	0	0	0	0	0	0	16322432	
615	1	C	7	N	2500	0	40	299	575	28	15	39	0	0	0	0	0	0	0	0	0	0	0	0	16322667	
616	1	C	7	N	2500	0	40	32	45	2	2	2	0	0	0	0	0	0	0	0	0	0	0	0	16322839	
617	1	C	7	N	2500	0	40	25	28	1	2	7	0	0	0	0	0	0	0	0	0	0	0	0	16323026	
618	1	C	7	N	2500	0	40	310	535	28	10	38	0	0	0	0	0	0	0	0	0	0	0	0	16323198	
619	1	C	7	N	2500	0	40	38	71	3	4	9	0	0	0	0	0	0	0	0	0	0	0	0	16323650	
620	1	C	7	N	2500	0	40	312	673	41	14	37	0	0	0	0	0	0	0	0	0	0	0	0	16323650	
621	1	C	7	N	2500	0	40	22	22	1	1	2	0	0	0	0	0	0	0	0	0	0	0	0	16324181	
622	1	C	7	N	2500	0	40	22	27	1	2	5	0	0	0	0	0	0	0	0	0	0	0	0	16325960	
623	1	C	7	N	2500	0	40	328	698	38	15	35	0	0	0	0	0	0	0	0	0	0	0	0	16326038	
624	1	C	7	N	2500	0	40	27	40	1	2	6	0	0	0	0	0	0	0	0	0	0	0	0	16326053	
625	1	C	7	N	2500	0	40	408	887	57	22	63	0	0	0	0	0	0	0	0	0	0	0	0	16326163	
626	1	C	7	N	2500	0	40	284	549	32	11	27	0	0	0	0	0	0	0	0	0	0	0	0	16326194	
627	1	C	7	N	2500	0	40	331	634	53	25	72	0	0	0	0	0	0	0	0	0	0	0	0	16326459	
628	1	C	7	N	2500	0	40	21	21	1	1	3	0	0	0	0	0	0	0	0	0	0	0	0	16326724	
629	1	C	8	N	2500	0	40	30	72	7	0	1	0	0	0	0	0	0	0	0	0	0	0	0	16336087	
630	1	C	8	N	2500	0	40	21	41	4	0	0	0	0	0	0	0	0	0	0	0	0	0	0	16336134	
631	1	C	8	N	2500	0	40	154	205	5	6	15	0	0	0	0	0	0	0	0	0	0	0	0	16336134	
632	1	C	8	N	2500	0	40	66	138	19	2	7	0	0	0	0	0	0	0	0	0	0	0	0	16336134	
633	1	C	8	N	2500	0	40	36	56	3	4	8	0	0	0	0	0	0	0	0	0	0	0	0	16337366	
634	1	C	8	N	2500	0	40	24	28	1	2	4	0	0	0	0	0	0	0	0	0	0	0	0	16337616	
635	1	C	8	N	2500	0	40	21	20	0	1	1	0	0	0	0	0	0	0	0	0	0	0	0	16337678	
636	1	C	8	N	2500	0	40	324	636	48	19	63	0	0	0	0	0	0	0	0	0	0	0	0	16337850	
637	1	C	8	N	2500	0	40	20	34	2	2	4	0	0	0	0	0	0	0	0	0	0	0	0	16338271	
638	1	C	8	N	2500	0	40	22	22	1	2	5	0	0	0	0	0	0	0	0	0	0	0	0	16338412	
639	1	C	8	N	2500	0	40	21	22	1	1	2	0	0	0	0	0	0	0	0	0	0	0	0	16338412	
640	1	C	8	N	2500	0	40	377	750	35	30	94	0	0	0	0	0	0	0	0	0	0	0	0	16338833	
641	1	C	8	N	2500	0	40	281	560	19	13	45	0	0	0	0	0	0	0	0	0	0	0	0	16339098	
642	1	C	8	N	2500	0	40	24	32	1	2	9	0	0	0	0	0	0	0	0	0	0	0	0	16339145	
643	1	C	8	N	2500	0	40	26	32	1	3	7	0	0	0	0	0	0	0	0	0	0	0	0	16339160	
644	1	C	8	N	2500	0	40	26	41	2	4	9	0	0	0	0	0	0	0	0	0	0	0	0	16339332	
645	1	C	8	N	2500	0	40	38	56	2	12	40	0	0	0	0	0	0	0	0	0	0	0	0	16339488	
646	1	C	8	N	2500	0	40	23	52	20	26	28	0	0	0	0	0	0	0	0	0	0	0	0	16340159	
647	1	C	8	N	2500	0	40	27	42	3	4	11	0	0	0	0	0	0	0	0	0	0	0	0	16340534	
648	1	C	8	N	2500	0	40	443	904	82	30	87	0	0	0	0	0	0	0	0	0	0	0	0	16341314	
649	1	C	8	N	2500	0	40	299	566	28	11	40	0	0	0	0	0	0	0	0	0	0	0	0	16341330	
650	1	C	8	N	2500	0	40	279	513	25	9	21	0	0	0	0	0	0	0	0	0	0	0	0	16341533	
651	1	C	8	N	2500	0	40	24	36	2	3	4	0	0	0	0	0	0	0	0	0	0	0	0	16341689	
652	1	C	8	N	2500	0	40	22	39	2	1	2	0	0	0	0	0	0	0	0	0	0	0	0	16342079	
653	1	C	8	N	2500	0	40	297	626	51	15	38	0	0	0	0	0	0	0	0	0	0	0	0	16342281	
654	1	C	8	N	2500	0	40	21	36	4	5	6	0	0	0	0	0	0	0	0	0	0	0	0	16342406	
655	1	C	8	N	2500	0	40	36	42	2	3	7	0	0	0	0	0	0	0	0	0	0	0	0	16342921	
656	1	C	9	N	2500	0	40	22	41	3	1	5	0	0	0	0	0	0	0	0	0	0	0	0	16350707	
657	1	C	9	N	2500	0	40	46	81	3	0	1	0	0	0	0	0	0	0	0	0	0	0	0	16350801	
658	1	C	9	N	2500	0	40	21	19	0	0	1	0	0	0	0	0	0	0	0	0	0	0	0	16351799	
659	1	C	9	N	2500	0	40	37	55	3	4	8	0	0	0	0	0	0	0	0	0	0	0	0	16353095	
660	1	C	9	N	2500	0	40	28	51	2	3	6	0	0	0	0	0	0	0	0	0	0	0	0	16353204	
661	1	C	9	N	2500	0	40	169	710	64	80	150	0	0	0	0	0	0	0	0	0	0	0	0	16353657	
662	1	C	9	N	2500	0	40	23	43	6	8	9	0	0	0	0	0	0	0	0	0	0	0	0	16354156	
663	1	C	9	N	2500	0	40	308	622	29	13	34	0	0	0	0	0	0	0	0	0	0	0	0	16354250	
664	1	C	9	N	2500	0	40	342	544	29	22	64	0	0	0	0	0	0	0	0	0	0	0	0	16355232	
665	1	C	9	N	2500	0	40	34	46	2	2	4	0	0	0	0	0	0	0	0	0	0	0	0	16355420	
666	1	C	9	N	2500	0	40	27	46	2	2	7	0	0	0	0	0	0	0	0	0	0	0	0	16355561	
667	1	C	9	N	2500	0	40	22	23	1	2	4	0	0	0	0	0	0	0	0	0	0	0	0	16355717	
668	1	C	9	N	2500	0	40	29	39	2	3	6	0	0	0	0	0	0	0	0	0	0	0	0	16355748	
669	1	C	9	N	2500	0	40	21	26	2	2	8	0	0	0	0	0	0	0	0	0	0	0	0	16355779	
670	1	C	9	N	2500	0	40	21	32	1	2	5	0	0	0	0	0	0	0	0	0	0	0	0	16355842	
671	1	C	9	N	2500	0	40	24	22	0	0	3	0	0	0	0	0	0	0	0	0	0	0	0	16356091	
672	1	C	9	N	2500	0	40	20	25	1	1	5	0	0	0	0	0	0	0	0	0	0	0	0	16356138	
673	1	C	9	N	2500	0	40	388	817	55	27	80	0	0	0	0	0	0	0	0	0	0	0	0	16356403	
674	1	C	9	N	2500	0	40	167	317	13	10	32	0	0	0	0	0	0	0	0	0	0	0	0	16357714	
675	1	C	10	N	2500	0	40	26	43	4	8	17	0	0	0	0	0	0	0	0	0	0	0	0	16368106	
676	1	C	10	N	2500	0	40	64	96	6	8	25	0	0	0	0	0	0	0	0	0	0	0	0	16368340	
677	1	C	10	N	2500	0	40	52	71	6	1	6	0	0	0	0	0	0	0	0	0	0	0	0	16368574	
678	1	C	10	N	2500	0	40	37	39	1	2	4	0	0	0	0	0	0	0	0	0	0	0	0	16369120	
679	1	C	10	N	2500	0	40	23	19	1	1	2	0	0	0	0	0	0	0	0	0	0	0	0	16369386	
680	1	C	10	N	2500	0	40	25	26	1	1	4	0	0	0	0	0	0	0	0	0	0	0	0	16369448	
681	1	C	10	N	2500	0	40	35	39	0	7	27	0	0	0	0	0	0	0	0	0	0	0	0	16369604	
682	1	C	10	N	2500	0	40	20	22	2	2	3	0	0	0	0	0	0	0	0	0	0	0	0	16370103	
683	1	C	10	N	2500	0	40	21	18	0	2	7	0	0	0	0	0	0	0	0	0	0	0	0	16370150	
684	1	C	10	N	2500	0	40	104	122	4	4	12	0	0	0	0	0	0	0	0	0	0	0	0	16371242	
685	1	C	10	N	2500	0	40	292	605	31	12	21	0	0	0	0	0	0	0	0	0	0	0	0	16371304	
686	1	C	10	N	2500	0	40	29	30	1	0	4	0	0	0	0	0	0	0	0	0	0	0	0	16371367	
687	1	C	10	N	2500	0	40	26	24	0	1	2	0	0	0	0	0	0	0	0	0	0	0	0	16371850	
688	1	C	10	N	2500	0	40	126	259	8	7	16	0	0	0	0	0	0	0	0	0	0	0	0	16372303	
689	1	C	10	N	2500	0	40	54	49	1	5	19	0	0	0	0	0	0	0	0	0	0	0	0	16372303	
690	1	C	10	N	2500	0	40	323	657	41	12	34	0	0	0	0	0	0	0	0	0	0	0	0	16372334	
691	1	C	10	N	2500	0	40	49	98	6	10	23	0	0	0	0	0	0	0	0	0	0	0	0	16372396	
692	1	C	10	N	2500	0	40	28	48	3	3	6	0	0	0	0	0	0	0	0	0	0	0	0	16372428	
693	1	C	10	N	2500	0	40	22	27	1	2	5	0	0	0	0	0	0	0	0	0	0	0	0	16372662	
694	1	C	11	N	2500	0	40	38	112	14	0	4	0	0	0	0	0	0	0	0	0	0	0	0	16380106	
695	1	C	11	N	2500	0	40	20	26	1	2	6	0	0	0	0	0	0	0	0	0	0	0	0	16380200	
696	1	C	11	N	2500	0	40	157	272	18	11	20	0	0	0	0	0	0	0	0	0	0	0	0	16381338	
697	1	C	11	N	2500	0	40	250	554	25	17	44	0	0	0	0	0	0	0	0	0	0	0	0	16382508	
698	1	C	11	N	2500	0	40	22	26	2	1	3	0	0	0	0	0	0	0	0	0	0	0	0	16383023	
699	1	C	11	N	2500	0	40	26	38	1	4	10	0	0	0	0	0	0	0	0	0	0	0	0	16384335	
700	1	C	11	N	2500	0	40	217	538	28	8	13	0	0	0	0	0	0	0	0	0	0	0	0	16384912	
701	1	C	11	N	2500	0	40	40	72	5	10	27	0	0	0	0	0	0	0	0	0	0	0	0	16385099	
702	1	C	11	N	2500	0	40	26	37	2	3	6	0	0	0	0	0	0	0	0	0	0	0	0	16385740	
703	1	C	11	N	2500	0	40	50	73	6	6	12	0	0	0	0	0	0	0	0	0	0	0	0	16385786	
704	1	C	11	N	2500	0	40	21	26	3	2	4	0	0	0	0	0	0	0	0	0	0	0	0	16386348	
705	1	C	11	N	2500	0	40	47	52	4	3	5	0	0	0	0	0	0	0	0	0	0	0	0	16386504	
706	1	C	11	N	2500	0	40	23	27	2	1	4	0	0	0	0	0	0	0	0	0	0	0	0	16387175	
707	1	C	12	N	2500	0	40	79	184	15	18	27	0	0	0	0	0	0	0	0	0	0	0	0	16394930	
708	1	C	12	N	2500	0	40	319	521	28	19	55	0	0	0	0	0	0	0	0	0	0	0	0	16394977	
709	1	C	12	N	2500	0	40	36	37	1	2	2	0	0	0	0	0	0	0	0	0	0	0	0	16395429	
710	1	C	12	N	2500	0	40	35	53	1	2	4	0	0	0	0	0	0	0	0	0	0	0	0	16396740	
711	1	C	12	N	2500	0	40	35	34	1	1	2	0	0	0	0	0	0	0	0	0	0	0	0	16397286	
712	1	C	12	N	2500	0	40	29	26	2	2	3	0	0	0	0	0	0	0	0	0	0	0	0	16397786	
713	1	C	12	N	2500	0	40	68	169	10	13	30	0	0	0	0	0	0	0	0	0	0	0	0	16398878	
714	1	C	12	N	2500	0	40	21	26	7	10	21	0	0	0	0	0	0	0	0	0	0	0	0	16399736	
715	1	C	12	N	2500	0	40	26	28	2	2	5	0	0	0	0	0	0	0	0	0	0	0	0	16399876	
716	1	C	12	N	2500	0	40	25	34	1	1	2	0	0	0	0	0	0	0	0	0	0	0	0	16400032	
717	1	C	12	N	2500	0	40	34	54	2	1	3	0	0	0	0	0	0	0	0	0	0	0	0	16401047	
718	1	C	12	N	2500	0	40	26	47	5	7	15	0	0	0	0	0	0	0	0	0	0	0	0	16401234	
719	1	C	12	N	2500	0	40	334	558	27	14	28	0	0	0	0	0	0	0	0	0	0	0	0	16401640	
720	1	D	12	N	2500	0	40	32	83	10	1	5	0	0	0	0	0	0	0	0	0	0	0	0	16409503	
721	1	D	12	N	2500	0	40	21	24	2	1	3	0	0	0	0	0	0	0	0	0	0	0	0	16410581	
722	1	D	12	N	2500	0	40	25	30	1	2	4	0	0	0	0	0	0	0	0	0	0	0	0	16410893	
723	1	D	12	N	2500	0	40	20	32	1	1	3	0	0	0	0	0	0	0	0	0	0	0	0	16411018	
724	1	D	12	N	2500	0	40	26	34	1	1	3	0	0	0	0	0	0	0	0	0	0	0	0	16411049	
725	1	D	12	N	2500	0	40	29	32	1	1	3	0	0	0	0	0	0	0	0	0	0	0	0	16412094	
726	1	D	12	N	2500	0	40	22	29	1	3	12	0	0	0	0	0	0	0	0	0	0	0	0	16412563	
727	1	D	12	N	2500	0	40	331	763	37	11	21	0	0	0	0	0	0	0	0	0	0	0	0	16412641	
728	1	D	12	N	2500	0	40	47	70	2	2	8	0	0	0	0	0	0	0	0	0	0	0	0	16412735	
729	1	D	12	N	2500	0	40	26	45	6	9	10	0	0	0	0	0	0	0	0	0	0	0	0	16413093	
730	1	D	12	N	2500	0	40	29	33	1	3	10	0	0	0	0	0	0	0	0	0	0	0	0	16413203	
731	1	D	12	N	2500	0	40	20	19	1	0	0	0	0	0	0	0	0	0	0	0	0	0	0	16413374	
732	1	D	12	N	2500	0	40	21	23	1	1	6	0	0	0	0	0	0	0	0	0	0	0	0	16413468	
733	1	D	12	N	2500	0	40	58	143	9	11	20	0	0	0	0	0	0	0	0	0	0	0	0	16413546	
734	1	D	12	N	2500	0	40	24	24	1	1	4	0	0	0	0	0	0	0	0	0	0	0	0	16414092	
735	1	D	12	N	2500	0	40	23	26	1	0	1	0	0	0	0	0	0	0	0	0	0	0	0	16414123	
736	1	D	12	N	2500	0	40	159	557	31	11	18	0	0	0	0	0	0	0	0	0	0	0	0	16414154	
737	1	D	12	N	2500	0	40	303	599	30	11	25	0	0	0	0	0	0	0	0	0	0	0	0	16414170	
738	1	D	12	N	2500	0	40	63	121	3	3	9	0	0	0	0	0	0	0	0	0	0	0	0	16414217	
739	1	D	12	N	2500	0	40	35	44	3	2	4	0	0	0	0	0	0	0	0	0	0	0	0	16414513	
740	1	D	12	N	2500	0	40	21	35	2	1	2	0	0	0	0	0	0	0	0	0	0	0	0	16414653	
741	1	D	12	N	2500	0	40	27	50	3	2	2	0	0	0	0	0	0	0	0	0	0	0	0	16414653	
742	1	D	12	N	2500	0	40	24	30	2	2	3	0	0	0	0	0	0	0	0	0	0	0	0	16414700	
743	1	D	12	N	2500	0	40	28	39	2	2	2	0	0	0	0	0	0	0	0	0	0	0	0	16415028	
744	1	D	12	N	2500	0	40	27	45	2	2	4	0	0	0	0	0	0	0	0	0	0	0	0	16415106	
745	1	D	12	N	2500	0	40	37	81	2	2	5	0	0	0	0	0	0	0	0	0	0	0	0	16415324	
746	1	D	12	N	2500	0	40	20	18	0	0	3	0	0	0	0	0	0	0	0	0	0	0	0	16415887	
747	1	D	12	N	2500	0	40	22	21	1	1	1	0	0	0	0	0	0	0	0	0	0	0	0	16415949	
748	1	D	12	N	2500	0	40	136	298	11	9	17	0	0	0	0	0	0	0	0	0	0	0	0	16416261	
749	1	D	12	N	2500	0	40	288	531	24	10	28	0	0	0	0	0	0	0	0	0	0	0	0	16416277	
750	1	D	12	N	2500	0	40	27	27	1	2	4	0	0	0	0	0	0	0	0	0	0	0	0	16416386	
751	1	D	12	N	2500	0	40	34	43	3	2	3	0	0	0	0	0	0	0	0	0	0	0	0	16416386	
752	1	D	12	N	2500	0	40	22	38	2	3	6	0	0	0	0	0	0	0	0	0	0	0	0	16416838	
753	1	D	11	N	2500	0	40	42	103	6	7	13	0	0	0	0	0	0	0	0	0	0	0	0	16425826	
754	1	D	11	N	2500	0	40	30	58	4	4	6	0	0	0	0	0	0	0	0	0	0	0	0	16426044	
755	1	D	11	N	2500	0	40	42	62	3	3	7	0	0	0	0	0	0	0	0	0	0	0	0	16426122	
756	1	D	11	N	2500	0	40	24	35	2	4	12	0	0	0	0	0	0	0	0	0	0	0	0	16426388	
757	1	D	11	N	2500	0	40	24	31	2	3	5	0	0	0	0	0	0	0	0	0	0	0	0	16426388	
758	1	D	11	N	2500	0	40	27	29	0	1	2	0	0	0	0	0	0	0	0	0	0	0	0	16426450	
759	1	D	11	N	2500	0	40	57	109	9	9	17	0	0	0	0	0	0	0	0	0	0	0	0	16426684	
760	1	D	11	N	2500	0	40	30	55	4	6	15	0	0	0	0	0	0	0	0	0	0	0	0	16426965	
761	1	D	11	N	2500	0	40	24	29	1	1	5	0	0	0	0	0	0	0	0	0	0	0	0	16427168	
762	1	D	11	N	2500	0	40	24	24	1	1	2	0	0	0	0	0	0	0	0	0	0	0	0	16427199	
763	1	D	11	N	2500	0	40	57	65	1	2	8	0	0	0	0	0	0	0	0	0	0	0	0	16427214	
764	1	D	11	N	2500	0	40	29	31	2	2	4	0	0	0	0	0	0	0	0	0	0	0	0	16427324	
765	1	D	11	N	2500	0	40	29	46	2	2	6	0	0	0	0	0	0	0	0	0	0	0	0	16427652	
766	1	D	11	N	2500	0	40	333	729	32	15	37	0	0	0	0	0	0	0	0	0	0	0	0	16427808	
767	1	D	11	N	2500	0	40	43	53	3	4	8	0	0	0	0	0	0	0	0	0	0	0	0	16427980	
768	1	D	11	N	2500	0	40	21	21	1	2	5	0	0	0	0	0	0	0	0	0	0	0	0	16428151	
769	1	D	11	N	2500	0	40	25	36	2	3	6	0	0	0	0	0	0	0	0	0	0	0	0	16428167	
770	1	D	11	N	2500	0	40	36	43	2	3	7	0	0	0	0	0	0	0	0	0	0	0	0	16428588	
771	1	D	11	N	2500	0	40	27	28	1	2	8	0	0	0	0	0	0	0	0	0	0	0	0	16429134	
772	1	D	11	N	2500	0	40	58	81	7	4	9	0	0	0	0	0	0	0	0	0	0	0	0	16429228	
773	1	D	11	N	2500	0	40	33	45	3	2	7	0	0	0	0	0	0	0	0	0	0	0	0	16429540	
774	1	D	11	N	2500	0	40	43	54	2	4	12	0	0	0	0	0	0	0	0	0	0	0	0	16429540	
775	1	D	11	N	2500	0	40	39	50	4	2	5	0	0	0	0	0	0	0	0	0	0	0	0	16430585	
776	1	D	11	N	2500	0	40	21	24	1	3	7	0	0	0	0	0	0	0	0	0	0	0	0	16430601	
777	1	D	11	N	2500	0	40	20	27	1	1	2	0	0	0	0	0	0	0	0	0	0	0	0	16430710	
778	1	D	11	N	2500	0	40	50	67	3	5	11	0	0	0	0	0	0	0	0	0	0	0	0	16431490	
779	1	D	11	N	2500	0	40	20	21	1	1	2	0	0	0	0	0	0	0	0	0	0	0	0	16431521	
780	1	D	10	N	2500	0	40	77	160	25	1	6	0	0	0	0	0	0	0	0	0	0	0	0	16438903	
781	1	D	10	N	2500	0	40	23	21	2	1	2	0	0	0	0	0	0	0	0	0	0	0	0	16439559	
782	1	D	10	N	2500	0	40	52	91	2	3	12	0	0	0	0	0	0	0	0	0	0	0	0	16440323	
783	1	D	10	N	2500	0	40	49	68	5	5	8	0	0	0	0	0	0	0	0	0	0	0	0	16440479	
784	1	D	10	N	2500	0	40	24	20	0	0	0	0	0	0	0	0	0	0	0	0	0	0	0	16441868	
785	1	D	10	N	2500	0	40	26	31	1	1	2	0	0	0	0	0	0	0	0	0	0	0	0	16442055	
786	1	D	10	N	2500	0	40	27	25	1	2	5	0	0	0	0	0	0	0	0	0	0	0	0	16442055	
787	1	D	10	N	2500	0	40	23	21	1	1	4	0	0	0	0	0	0	0	0	0	0	0	0	16442117	
788	1	D	10	N	2500	0	40	20	23	1	1	2	0	0	0	0	0	0	0	0	0	0	0	0	16442242	
789	1	D	10	N	2500	0	40	257	517	18	13	37	0	0	0	0	0	0	0	0	0	0	0	0	16442383	
790	1	D	10	N	2500	0	40	21	21	1	1	4	0	0	0	0	0	0	0	0	0	0	0	0	16442741	
791	1	D	10	N	2500	0	40	23	30	2	2	2	0	0	0	0	0	0	0	0	0	0	0	0	16443085	
792	1	D	10	N	2500	0	40	27	42	3	4	10	0	0	0	0	0	0	0	0	0	0	0	0	16443194	
793	1	D	10	N	2500	0	40	35	37	3	3	6	0	0	0	0	0	0	0	0	0	0	0	0	16443412	
794	1	D	10	N	2500	0	40	25	28	1	2	5	0	0	0	0	0	0	0	0	0	0	0	0	16443443	
795	1	D	10	N	2500	0	40	26	31	1	1	2	0	0	0	0	0	0	0	0	0	0	0	0	16443506	
796	1	D	10	N	2500	0	40	26	24	0	0	0	0	0	0	0	0	0	0	0	0	0	0	0	16443849	
797	1	D	10	N	2500	0	40	42	86	2	2	5	0	0	0	0	0	0	0	0	0	0	0	0	16444270	
798	1	D	10	N	2500	0	40	25	32	1	1	2	0	0	0	0	0	0	0	0	0	0	0	0	16444442	
799	1	D	10	N	2500	0	40	20	23	1	2	4	0	0	0	0	0	0	0	0	0	0	0	0	16445097	
800	1	D	10	N	2500	0	40	30	33	1	2	5	0	0	0	0	0	0	0	0	0	0	0	0	16445487	
801	1	D	10	N	2500	0	40	21	25	1	2	5	0	0	0	0	0	0	0	0	0	0	0	0	16445582	
802	1	D	9	N	2500	0	40	26	47	6	0	3	0	0	0	0	0	0	0	0	0	0	0	0	16453415	
803	1	D	9	N	2500	0	40	20	39	5	0	0	0	0	0	0	0	0	0	0	0	0	0	0	16453524	
804	1	D	9	N	2500	0	40	21	35	4	0	0	0	0	0	0	0	0	0	0	0	0	0	0	16453586	
805	1	D	9	N	2500	0	40	26	59	6	0	0	0	0	0	0	0	0	0	0	0	0	0	0	16453711	
806	1	D	9	N	2500	0	40	21	39	4	0	0	0	0	0	0	0	0	0	0	0	0	0	0	16454117	
807	1	D	9	N	2500	0	40	276	569	32	21	45	0	0	0	0	0	0	0	0	0	0	0	0	16454195	
808	1	D	9	N	2500	0	40	34	47	3	3	8	0	0	0	0	0	0	0	0	0	0	0	0	16454538	
809	1	D	9	N	2500	0	40	206	537	30	15	35	0	0	0	0	0	0	0	0	0	0	0	0	16454788	
810	1	D	9	N	2500	0	40	325	621	31	18	48	0	0	0	0	0	0	0	0	0	0	0	0	16455193	
811	1	D	9	N	2500	0	40	20	19	1	1	2	0	0	0	0	0	0	0	0	0	0	0	0	16455287	
812	1	D	9	N	2500	0	40	27	32	2	2	7	0	0	0	0	0	0	0	0	0	0	0	0	16455287	
813	1	D	9	N	2500	0	40	310	664	31	13	34	0	0	0	0	0	0	0	0	0	0	0	0	16455755	
814	1	D	9	N	2500	0	40	51	81	6	8	18	0	0	0	0	0	0	0	0	0	0	0	0	16456379	
815	1	D	9	N	2500	0	40	29	38	1	4	10	0	0	0	0	0	0	0	0	0	0	0	0	16456722	
816	1	D	9	N	2500	0	40	126	293	15	15	46	0	0	0	0	0	0	0	0	0	0	0	0	16456753	
817	1	D	9	N	2500	0	40	71	132	9	8	20	0	0	0	0	0	0	0	0	0	0	0	0	16456987	
818	1	D	9	N	2500	0	40	20	22	1	1	2	0	0	0	0	0	0	0	0	0	0	0	0	16457143	
819	1	D	9	N	2500	0	40	29	45	2	2	6	0	0	0	0	0	0	0	0	0	0	0	0	16458283	
820	1	D	9	N	2500	0	40	25	33	1	2	3	0	0	0	0	0	0	0	0	0	0	0	0	16458330	
821	1	D	9	N	2500	0	40	34	64	2	1	3	0	0	0	0	0	0	0	0	0	0	0	0	16458408	
822	1	D	9	N	2500	0	40	311	653	30	10	29	0	0	0	0	0	0	0	0	0	0	0	0	16458423	
823	1	D	9	N	2500	0	40	22	31	1	1	3	0	0	0	0	0	0	0	0	0	0	0	0	16459063	
824	1	D	9	N	2500	0	40	27	39	1	1	3	0	0	0	0	0	0	0	0	0	0	0	0	16459157	
825	1	D	9	N	2500	0	40	28	33	0	0	1	0	0	0	0	0	0	0	0	0	0	0	0	16459297	
826	1	D	9	N	2500	0	40	28	44	3	3	5	0	0	0	0	0	0	0	0	0	0	0	0	16459437	
827	1	D	9	N	2500	0	40	30	58	5	4	5	0	0	0	0	0	0	0	0	0	0	0	0	16459625	
828	1	D	9	N	2500	0	40	34	32	1	2	5	0	0	0	0	0	0	0	0	0	0	0	0	16459874	
829	1	D	9	N	2500	0	40	32	36	2	2	6	0	0	0	0	0	0	0	0	0	0	0	0	16460139	
830	1	D	9	N	2500	0	40	31	48	3	4	13	0	0	0	0	0	0	0	0	0	0	0	0	16460577	
831	1	D	9	N	2500	0	40	32	35	2	3	4	0	0	0	0	0	0	0	0	0	0	0	0	16460593	
832	1	D	8	N	2500	0	40	27	43	13	18	25	0	0	0	0	0	0	0	0	0	0	0	0	16468753	
833	1	D	8	N	2500	0	40	337	663	35	24	62	0	0	0	0	0	0	0	0	0	0	0	0	16469065	
834	1	D	8	N	2500	0	40	20	25	1	0	1	0	0	0	0	0	0	0	0	0	0	0	0	16469690	
835	1	D	8	N	2500	0	40	22	24	0	1	2	0	0	0	0	0	0	0	0	0	0	0	0	16469908	
836	1	D	8	N	2500	0	40	35	71	2	2	6	0	0	0	0	0	0	0	0	0	0	0	0	16470064	
837	1	D	8	N	2500	0	40	66	84	5	8	17	0	0	0	0	0	0	0	0	0	0	0	0	16471421	
838	1	D	8	N	2500	0	40	289	513	29	22	68	0	0	0	0	0	0	0	0	0	0	0	0	16471546	
839	1	D	8	N	2500	0	40	296	606	28	12	29	0	0	0	0	0	0	0	0	0	0	0	0	16471624	
840	1	D	8	N	2500	0	40	36	35	2	5	16	0	0	0	0	0	0	0	0	0	0	0	0	16471920	
841	1	D	8	N	2500	0	40	28	36	1	0	2	0	0	0	0	0	0	0	0	0	0	0	0	16471936	
842	1	D	8	N	2500	0	40	56	141	12	14	25	0	0	0	0	0	0	0	0	0	0	0	0	16471967	
843	1	D	8	N	2500	0	40	32	56	3	5	12	0	0	0	0	0	0	0	0	0	0	0	0	16472310	
844	1	D	8	N	2500	0	40	25	42	2	4	8	0	0	0	0	0	0	0	0	0	0	0	0	16472795	
845	1	D	8	N	2500	0	40	21	22	1	2	6	0	0	0	0	0	0	0	0	0	0	0	0	16472842	
846	1	D	8	N	2500	0	40	318	678	32	11	26	0	0	0	0	0	0	0	0	0	0	0	0	16472873	
847	1	D	8	N	2500	0	40	21	25	1	1	1	0	0	0	0	0	0	0	0	0	0	0	0	16473279	
848	1	D	8	N	2500	0	40	28	46	4	4	9	0	0	0	0	0	0	0	0	0	0	0	0	16473294	
849	1	D	8	N	2500	0	40	46	47	2	3	7	0	0	0	0	0	0	0	0	0	0	0	0	16473793	
850	1	D	8	N	2500	0	40	46	88	6	7	13	0	0	0	0	0	0	0	0	0	0	0	0	16473903	
851	1	D	8	N	2500	0	40	43	77	5	5	13	0	0	0	0	0	0	0	0	0	0	0	0	16474277	
852	1	D	8	N	2500	0	40	72	143	4	3	9	0	0	0	0	0	0	0	0	0	0	0	0	16474308	
853	1	D	8	N	2500	0	40	22	30	1	1	3	0	0	0	0	0	0	0	0	0	0	0	0	16474449	
854	1	D	8	N	2500	0	40	33	42	1	0	2	0	0	0	0	0	0	0	0	0	0	0	0	16475041	
855	1	D	7	N	2500	0	40	321	594	31	17	44	0	0	0	0	0	0	0	0	0	0	0	0	16484450	
856	1	D	7	N	2500	0	40	23	31	1	2	5	0	0	0	0	0	0	0	0	0	0	0	0	16485091	
857	1	D	7	N	2500	0	40	41	62	4	5	13	0	0	0	0	0	0	0	0	0	0	0	0	16485590	
858	1	D	7	N	2500	0	40	34	35	1	1	2	0	0	0	0	0	0	0	0	0	0	0	0	16485777	
859	1	D	7	N	2500	0	40	46	63	4	4	9	0	0	0	0	0	0	0	0	0	0	0	0	16486027	
860	1	D	7	N	2500	0	40	53	156	14	17	35	0	0	0	0	0	0	0	0	0	0	0	0	16486027	
861	1	D	7	N	2500	0	40	30	37	2	2	7	0	0	0	0	0	0	0	0	0	0	0	0	16486354	
862	1	D	7	N	2500	0	40	35	50	3	4	11	0	0	0	0	0	0	0	0	0	0	0	0	16486448	
863	1	D	7	N	2500	0	40	22	32	2	3	4	0	0	0	0	0	0	0	0	0	0	0	0	16487057	
864	1	D	7	N	2500	0	40	330	705	42	13	32	0	0	0	0	0	0	0	0	0	0	0	0	16487322	
865	1	D	7	N	2500	0	40	54	74	6	6	13	0	0	0	0	0	0	0	0	0	0	0	0	16487462	
866	1	D	7	N	2500	0	40	27	26	0	1	3	0	0	0	0	0	0	0	0	0	0	0	0	16487743	
867	1	D	7	N	2500	0	40	28	34	1	2	5	0	0	0	0	0	0	0	0	0	0	0	0	16487790	
868	1	D	7	N	2500	0	40	28	36	2	3	8	0	0	0	0	0	0	0	0	0	0	0	0	16487977	
869	1	D	7	N	2500	0	40	322	672	35	19	55	0	0	0	0	0	0	0	0	0	0	0	0	16488554	
870	1	D	7	N	2500	0	40	26	36	3	3	7	0	0	0	0	0	0	0	0	0	0	0	0	16488648	
871	1	D	7	N	2500	0	40	33	46	3	3	4	0	0	0	0	0	0	0	0	0	0	0	0	16488679	
872	1	D	7	N	2500	0	40	301	544	29	11	29	0	0	0	0	0	0	0	0	0	0	0	0	16488913	
873	1	D	7	N	2500	0	40	24	28	1	3	5	0	0	0	0	0	0	0	0	0	0	0	0	16489662	
874	1	D	7	N	2500	0	40	32	29	0	0	1	0	0	0	0	0	0	0	0	0	0	0	0	16489771	
875	1	D	7	N	2500	0	40	309	628	27	11	30	0	0	0	0	0	0	0	0	0	0	0	0	16489911	
876	1	D	7	N	2500	0	40	21	28	0	0	0	0	0	0	0	0	0	0	0	0	0	0	0	16490145	
877	1	D	6	N	2500	0	40	65	99	3	2	9	0	0	0	0	0	0	0	0	0	0	0	0	16497574	
878	1	D	6	N	2500	0	40	265	640	28	14	32	0	0	0	0	0	0	0	0	0	0	0	0	16497870	
879	1	D	6	N	2500	0	40	39	43	2	3	9	0	0	0	0	0	0	0	0	0	0	0	0	16498385	
880	1	D	6	N	2500	0	40	76	88	2	2	9	0	0	0	0	0	0	0	0	0	0	0	0	16499229	
881	1	D	6	N	2500	0	40	288	599	26	9	25	0	0	0	0	0	0	0	0	0	0	0	0	16499244	
882	1	D	6	N	2500	0	40	56	70	5	5	11	0	0	0	0	0	0	0	0	0	0	0	0	16499587	
883	1	D	6	N	2500	0	40	313	620	29	13	36	0	0	0	0	0	0	0	0	0	0	0	0	16499697	
884	1	D	6	N	2500	0	40	23	23	1	1	1	0	0	0	0	0	0	0	0	0	0	0	0	16500087	
885	1	D	6	N	2500	0	40	29	35	1	1	3	0	0	0	0	0	0	0	0	0	0	0	0	16501475	
886	1	D	6	N	2500	0	40	21	51	2	2	6	0	0	0	0	0	0	0	0	0	0	0	0	16501522	
887	1	D	6	N	2500	0	40	21	28	6	7	9	0	0	0	0	0	0	0	0	0	0	0	0	16501662	
888	1	D	6	N	2500	0	40	56	118	9	10	18	0	0	0	0	0	0	0	0	0	0	0	0	16501725	
889	1	D	6	N	2500	0	40	36	36	2	3	7	0	0	0	0	0	0	0	0	0	0	0	0	16502161	
890	1	D	6	N	2500	0	40	21	22	1	1	3	0	0	0	0	0	0	0	0	0	0	0	0	16502177	
891	1	D	6	N	2500	0	40	20	31	1	0	1	0	0	0	0	0	0	0	0	0	0	0	0	16502349	
892	1	D	6	N	2500	0	40	22	45	8	9	9	0	0	0	0	0	0	0	0	0	0	0	0	16502380	
893	1	D	6	N	2500	0	40	34	62	17	17	19	0	0	0	0	0	0	0	0	0	0	0	0	16502646	
894	1	D	6	N	2500	0	40	27	45	2	4	13	0	0	0	0	0	0	0	0	0	0	0	0	16502708	
895	1	D	6	N	2500	0	40	20	28	1	2	3	0	0	0	0	0	0	0	0	0	0	0	0	16502755	
896	1	D	6	N	2500	0	40	38	55	5	5	10	0	0	0	0	0	0	0	0	0	0	0	0	16503161	
897	1	D	6	N	2500	0	40	26	22	0	0	0	0	0	0	0	0	0	0	0	0	0	0	0	16503410	
898	1	D	6	N	2500	0	40	21	23	1	2	5	0	0	0	0	0	0	0	0	0	0	0	0	16504066	
899	1	D	6	N	2500	0	40	44	148	13	14	24	0	0	0	0	0	0	0	0	0	0	0	0	16504378	
900	1	D	6	N	2500	0	40	25	24	1	1	4	0	0	0	0	0	0	0	0	0	0	0	0	16504721	
901	1	D	6	N	2500	0	40	24	36	2	3	8	0	0	0	0	0	0	0	0	0	0	0	0	16504799	
902	1	D	6	N	2500	0	40	50	89	7	8	20	0	0	0	0	0	0	0	0	0	0	0	0	16504799	
903	1	D	5	N	2500	0	40	291	612	38	13	36	0	0	0	0	0	0	0	0	0	0	0	0	16512616	
904	1	D	5	N	2500	0	40	30	85	12	0	0	0	0	0	0	0	0	0	0	0	0	0	0	16513599	
905	1	D	5	N	2500	0	40	55	298	35	3	11	0	0	0	0	0	0	0	0	0	0	0	0	16513599	
906	1	D	5	N	2500	0	40	308	665	30	13	38	0	0	0	0	0	0	0	0	0	0	0	0	16514176	
907	1	D	5	N	2500	0	40	46	95	7	7	10	0	0	0	0	0	0	0	0	0	0	0	0	16514536	
908	1	D	5	N	2500	0	40	319	593	33	14	37	0	0	0	0	0	0	0	0	0	0	0	0	16514848	
909	1	D	5	N	2500	0	40	26	22	1	1	2	0	0	0	0	0	0	0	0	0	0	0	0	16514942	
910	1	D	5	N	2500	0	40	147	237	61	1129	1195	0	0	0	0	0	0	0	0	0	0	0	0	16515223	
911	1	D	5	N	2500	0	40	50	55	2	4	10	0	0	0	0	0	0	0	0	0	0	0	0	16515410	
912	1	D	5	N	2500	0	40	340	529	28	20	57	0	0	0	0	0	0	0	0	0	0	0	0	16515753	
913	1	D	5	N	2500	0	40	88	183	6	4	10	0	0	0	0	0	0	0	0	0	0	0	0	16515815	
914	1	D	5	N	2500	0	40	41	67	3	5	11	0	0	0	0	0	0	0	0	0	0	0	0	16516283	
915	1	D	5	N	2500	0	40	304	585	28	19	50	0	0	0	0	0	0	0	0	0	0	0	0	16516720	
916	1	D	5	N	2500	0	40	304	594	31	16	40	0	0	0	0	0	0	0	0	0	0	0	0	16516845	
917	1	D	5	N	2500	0	40	70	131	8	11	19	0	0	0	0	0	0	0	0	0	0	0	0	16517173	
918	1	D	5	N	2500	0	40	44	68	1	1	3	0	0	0	0	0	0	0	0	0	0	0	0	16517219	
919	1	D	5	N	2500	0	40	26	42	1	1	3	0	0	0	0	0	0	0	0	0	0	0	0	16517251	
920	1	D	5	N	2500	0	40	56	114	7	8	15	0	0	0	0	0	0	0	0	0	0	0	0	16517673	
921	1	D	5	N	2500	0	40	30	39	1	1	3	0	0	0	0	0	0	0	0	0	0	0	0	16518702	
922	1	D	5	N	2500	0	40	39	87	6	6	14	0	0	0	0	0	0	0	0	0	0	0	0	16518765	
923	1	D	5	N	2500	0	40	22	23	0	1	2	0	0	0	0	0	0	0	0	0	0	0	0	16519326	
924	1	D	5	N	2500	0	40	290	581	26	11	30	0	0	0	0	0	0	0	0	0	0	0	0	16519404	
925	1	D	4	N	2500	0	40	25	28	1	0	1	0	0	0	0	0	0	0	0	0	0	0	0	16527362	
926	1	D	4	N	2500	0	40	299	623	33	10	24	0	0	0	0	0	0	0	0	0	0	0	0	16528096	
927	1	D	4	N	2500	0	40	22	31	2	1	3	0	0	0	0	0	0	0	0	0	0	0	0	16528252	
928	1	D	4	N	2500	0	40	253	563	26	15	43	0	0	0	0	0	0	0	0	0	0	0	0	16528579	
929	1	D	4	N	2500	0	40	21	41	6	6	12	0	0	0	0	0	0	0	0	0	0	0	0	16528673	
930	1	D	4	N	2500	0	40	27	48	2	3	12	0	0	0	0	0	0	0	0	0	0	0	0	16528954	
931	1	D	4	N	2500	0	40	57	72	4	5	12	0	0	0	0	0	0	0	0	0	0	0	0	16529000	
932	1	D	4	N	2500	0	40	292	657	41	17	46	0	0	0	0	0	0	0	0	0	0	0	0	16529813	
933	1	D	4	N	2500	0	40	21	22	0	2	8	0	0	0	0	0	0	0	0	0	0	0	0	16529922	
934	1	D	4	N	2500	0	40	33	57	4	3	6	0	0	0	0	0	0	0	0	0	0	0	0	16530015	
935	1	D	4	N	2500	0	40	36	60	3	5	11	0	0	0	0	0	0	0	0	0	0	0	0	16530015	
936	1	D	4	N	2500	0	40	23	24	0	4	17	0	0	0	0	0	0	0	0	0	0	0	0	16530109	
937	1	D	4	N	2500	0	40	20	31	1	1	1	0	0	0	0	0	0	0	0	0	0	0	0	16530655	
938	1	D	4	N	2500	0	40	91	113	4	3	7	0	0	0	0	0	0	0	0	0	0	0	0	16530671	
939	1	D	4	N	2500	0	40	33	39	1	2	8	0	0	0	0	0	0	0	0	0	0	0	0	16531139	
940	1	D	4	N	2500	0	40	27	32	1	2	3	0	0	0	0	0	0	0	0	0	0	0	0	16531419	
941	1	D	4	N	2500	0	40	289	543	25	14	40	0	0	0	0	0	0	0	0	0	0	0	0	16531747	
942	1	D	4	N	2500	0	40	181	592	35	23	57	0	0	0	0	0	0	0	0	0	0	0	0	16531794	
943	1	D	4	N	2500	0	40	22	26	1	2	8	0	0	0	0	0	0	0	0	0	0	0	0	16532075	
944	1	D	4	N	2500	0	40	323	621	37	12	36	0	0	0	0	0	0	0	0	0	0	0	0	16532121	
945	1	D	4	N	2500	0	40	43	102	7	10	18	0	0	0	0	0	0	0	0	0	0	0	0	16532153	
946	1	D	4	N	2500	0	40	29	53	18	20	22	0	0	0	0	0	0	0	0	0	0	0	0	16532184	
947	1	D	4	N	2500	0	40	288	584	24	12	28	0	0	0	0	0	0	0	0	0	0	0	0	16532215	
948	1	D	4	N	2500	0	40	33	53	4	4	11	0	0	0	0	0	0	0	0	0	0	0	0	16532231	
949	1	D	4	N	2500	0	40	220	438	24	11	28	0	0	0	0	0	0	0	0	0	0	0	0	16532465	
950	1	D	4	N	2500	0	40	220	710	52	30	80	0	0	0	0	0	0	0	0	0	0	0	0	16532714	
951	1	D	4	N	2500	0	40	319	657	35	18	62	0	0	0	0	0	0	0	0	0	0	0	0	16532823	
952	1	D	4	N	2500	0	40	21	26	1	2	4	0	0	0	0	0	0	0	0	0	0	0	0	16532823	
953	1	D	4	N	2500	0	40	37	40	1	1	1	0	0	0	0	0	0	0	0	0	0	0	0	16532870	
954	1	D	4	N	2500	0	40	27	37	2	3	6	0	0	0	0	0	0	0	0	0	0	0	0	16532995	
955	1	D	4	N	2500	0	40	29	39	3	2	6	0	0	0	0	0	0	0	0	0	0	0	0	16533120	
956	1	D	4	N	2500	0	40	25	31	1	1	5	0	0	0	0	0	0	0	0	0	0	0	0	16533369	
957	1	D	4	N	2500	0	40	28	45	3	4	10	0	0	0	0	0	0	0	0	0	0	0	0	16533650	
958	1	D	4	N	2500	0	40	58	73	4	6	17	0	0	0	0	0	0	0	0	0	0	0	0	16533650	
959	1	D	4	N	2500	0	40	26	25	1	1	4	0	0	0	0	0	0	0	0	0	0	0	0	16533650	
960	1	D	3	N	2500	0	40	20	19	0	1	1	0	0	0	0	0	0	0	0	0	0	0	0	16541421	
961	1	D	3	N	2500	0	40	22	20	1	1	4	0	0	0	0	0	0	0	0	0	0	0	0	16541516	
962	1	D	3	N	2500	0	40	25	21	7	196	196	0	0	0	0	0	0	0	0	0	0	0	0	16541656	
963	1	D	3	N	2500	0	40	22	19	1	1	6	0	0	0	0	0	0	0	0	0	0	0	0	16542545	
964	1	D	3	N	2500	0	40	20	37	1	1	5	0	0	0	0	0	0	0	0	0	0	0	0	16542654	
965	1	D	3	N	2500	0	40	314	650	34	13	35	0	0	0	0	0	0	0	0	0	0	0	0	16542732	
966	1	D	3	N	2500	0	40	29	36	1	0	0	0	0	0	0	0	0	0	0	0	0	0	0	16543154	
967	1	D	3	N	2500	0	40	20	20	6	153	155	0	0	0	0	0	0	0	0	0	0	0	0	16543216	
968	1	D	3	N	2500	0	40	21	26	1	2	4	0	0	0	0	0	0	0	0	0	0	0	0	16543965	
969	1	D	3	N	2500	0	40	313	624	33	18	58	0	0	0	0	0	0	0	0	0	0	0	0	16544105	
970	1	D	3	N	2500	0	40	20	17	0	0	3	0	0	0	0	0	0	0	0	0	0	0	0	16544199	
971	1	D	3	N	2500	0	40	305	617	34	14	31	0	0	0	0	0	0	0	0	0	0	0	0	16544214	
972	1	D	3	N	2500	0	40	22	23	1	1	4	0	0	0	0	0	0	0	0	0	0	0	0	16544261	
973	1	D	3	N	2500	0	40	21	38	16	21	27	0	0	0	0	0	0	0	0	0	0	0	0	16544464	
974	1	D	3	N	2500	0	40	40	65	3	3	9	0	0	0	0	0	0	0	0	0	0	0	0	16544511	
975	1	D	3	N	2500	0	40	314	669	30	14	43	0	0	0	0	0	0	0	0	0	0	0	0	16544604	
976	1	D	3	N	2500	0	40	22	34	2	2	2	0	0	0	0	0	0	0	0	0	0	0	0	16544994	
977	1	D	3	N	2500	0	40	54	57	2	0	4	0	0	0	0	0	0	0	0	0	0	0	0	16545088	
978	1	D	3	N	2500	0	40	237	446	25	17	47	0	0	0	0	0	0	0	0	0	0	0	0	16545088	
979	1	D	3	N	2500	0	40	21	23	1	2	5	0	0	0	0	0	0	0	0	0	0	0	0	16545494	
980	1	D	3	N	2500	0	40	57	90	2	2	4	0	0	0	0	0	0	0	0	0	0	0	0	16545540	
981	1	D	3	N	2500	0	40	330	619	37	14	35	0	0	0	0	0	0	0	0	0	0	0	0	16545650	
982	1	D	3	N	2500	0	40	48	48	2	2	5	0	0	0	0	0	0	0	0	0	0	0	0	16545696	
983	1	D	3	N	2500	0	40	30	58	1	0	1	0	0	0	0	0	0	0	0	0	0	0	0	16546149	
984	1	D	3	N	2500	0	40	345	744	38	16	35	0	0	0	0	0	0	0	0	0	0	0	0	16546180	
985	1	D	3	N	2500	0	40	287	556	28	15	34	0	0	0	0	0	0	0	0	0	0	0	0	16546320	
986	1	D	3	N	2500	0	40	23	35	1	1	1	0	0	0	0	0	0	0	0	0	0	0	0	16546476	
987	1	D	3	N	2500	0	40	24	44	17	18	22	0	0	0	0	0	0	0	0	0	0	0	0	16546492	
988	1	D	3	N	2500	0	40	302	575	28	13	30	0	0	0	0	0	0	0	0	0	0	0	0	16546586	
989	1	D	3	N	2500	0	40	311	539	26	11	32	0	0	0	0	0	0	0	0	0	0	0	0	16546617	
990	1	D	3	N	2500	0	40	22	21	1	2	4	0	0	0	0	0	0	0	0	0	0	0	0	16546695	
991	1	D	3	N	2500	0	40	27	44	3	3	7	0	0	0	0	0	0	0	0	0	0	0	0	16546851	
992	1	D	3	N	2500	0	40	23	41	2	3	9	0	0	0	0	0	0	0	0	0	0	0	0	16546851	
993	1	D	3	N	2500	0	40	28	41	2	1	7	0	0	0	0	0	0	0	0	0	0	0	0	16546866	
994	1	D	3	N	2500	0	40	29	29	1	2	7	0	0	0	0	0	0	0	0	0	0	0	0	16546866	
995	1	D	3	N	2500	0	40	314	597	39	15	54	0	0	0	0	0	0	0	0	0	0	0	0	16546866	
996	1	D	3	N	2500	0	40	29	52	4	5	7	0	0	0	0	0	0	0	0	0	0	0	0	16546898	
997	1	D	3	N	2500	0	40	290	547	25	13	33	0	0	0	0	0	0	0	0	0	0	0	0	16547100	
998	1	D	3	N	2500	0	40	315	601	32	16	44	0	0	0	0	0	0	0	0	0	0	0	0	16547334	
999	1	D	3	N	2500	0	40	288	573	24	14	40	0	0	0	0	0	0	0	0	0	0	0	0	16547412	
1000	1	D	3	N	2500	0	40	30	35	2	1	3	0	0	0	0	0	0	0	0	0	0	0	0	16547475	
1001	1	D	3	N	2500	0	40	26	46	1	1	1	0	0	0	0	0	0	0	0	0	0	0	0	16547569	
1002	1	D	3	N	2500	0	40	28	36	2	2	7	0	0	0	0	0	0	0	0	0	0	0	0	16547710	
1003	1	D	3	N	2500	0	40	31	67	6	8	17	0	0	0	0	0	0	0	0	0	0	0	0	16547710	
1004	1	D	3	N	2500	0	40	33	81	5	7	18	0	0	0	0	0	0	0	0	0	0	0	0	16548022	
1005	1	D	3	N	2500	0	40	30	31	1	1	3	0	0	0	0	0	0	0	0	0	0	0	0	16548240	
1006	1	D	3	N	2500	0	40	26	33	1	2	3	0	0	0	0	0	0	0	0	0	0	0	0	16548240	
1007	1	D	3	N	2500	0	40	420	630	35	25	77	0	0	0	0	0	0	0	0	0	0	0	0	16548256	
1008	1	D	2	N	2500	0	40	25	31	0	0	0	0	0	0	0	0	0	0	0	0	0	0	0	16556011	
1009	1	D	2	N	2500	0	40	321	698	37	14	31	0	0	0	0	0	0	0	0	0	0	0	0	16556339	
1010	1	D	2	N	2500	0	40	28	42	2	3	8	0	0	0	0	0	0	0	0	0	0	0	0	16556651	
1011	1	D	2	N	2500	0	40	52	103	4	2	9	0	0	0	0	0	0	0	0	0	0	0	0	16557306	
1012	1	D	2	N	2500	0	40	21	35	2	2	4	0	0	0	0	0	0	0	0	0	0	0	0	16557727	
1013	1	D	2	N	2500	0	40	311	667	27	17	44	0	0	0	0	0	0	0	0	0	0	0	0	16557743	
1014	1	D	2	N	2500	0	40	25	45	13	15	16	0	0	0	0	0	0	0	0	0	0	0	0	16557961	
1015	1	D	2	N	2500	0	40	66	77	6	8	22	0	0	0	0	0	0	0	0	0	0	0	0	16557992	
1016	1	D	2	N	2500	0	40	20	29	1	1	3	0	0	0	0	0	0	0	0	0	0	0	0	16558039	
1017	1	D	2	N	2500	0	40	381	777	61	25	68	0	0	0	0	0	0	0	0	0	0	0	0	16558039	
1018	1	D	2	N	2500	0	40	24	23	1	1	7	0	0	0	0	0	0	0	0	0	0	0	0	16558351	
1019	1	D	2	N	2500	0	40	43	79	5	6	13	0	0	0	0	0	0	0	0	0	0	0	0	16558725	
1020	1	D	2	N	2500	0	40	23	47	14	17	17	0	0	0	0	0	0	0	0	0	0	0	0	16558803	
1021	1	D	2	N	2500	0	40	298	554	24	11	19	0	0	0	0	0	0	0	0	0	0	0	0	16558835	
1022	1	D	2	N	2500	0	40	190	546	24	17	40	0	0	0	0	0	0	0	0	0	0	0	0	16559287	
1023	1	D	2	N	2500	0	40	20	23	1	4	16	0	0	0	0	0	0	0	0	0	0	0	0	16559349	
1024	1	D	2	N	2500	0	40	71	99	2	4	15	0	0	0	0	0	0	0	0	0	0	0	0	16559349	
1025	1	D	2	N	2500	0	40	20	22	1	1	3	0	0	0	0	0	0	0	0	0	0	0	0	16559505	
1026	1	D	2	N	2500	0	40	302	575	24	16	40	0	0	0	0	0	0	0	0	0	0	0	0	16560021	
1027	1	D	2	N	2500	0	40	318	678	29	15	32	0	0	0	0	0	0	0	0	0	0	0	0	16560115	
1028	1	D	2	N	2500	0	40	39	44	1	1	4	0	0	0	0	0	0	0	0	0	0	0	0	16560162	
1029	1	D	2	N	2500	0	40	25	22	1	0	1	0	0	0	0	0	0	0	0	0	0	0	0	16560240	
1030	1	D	2	N	2500	0	40	299	541	30	13	43	0	0	0	0	0	0	0	0	0	0	0	0	16560255	
1031	1	D	2	N	2500	0	40	37	41	2	3	9	0	0	0	0	0	0	0	0	0	0	0	0	16560302	
1032	1	D	2	N	2500	0	40	316	679	54	13	28	0	0	0	0	0	0	0	0	0	0	0	0	16560645	
1033	1	D	2	N	2500	0	40	24	32	2	2	7	0	0	0	0	0	0	0	0	0	0	0	0	16560661	
1034	1	D	2	N	2500	0	40	30	35	1	3	12	0	0	0	0	0	0	0	0	0	0	0	0	16560786	
1035	1	D	2	N	2500	0	40	303	564	25	14	36	0	0	0	0	0	0	0	0	0	0	0	0	16560864	
1036	1	D	2	N	2500	0	40	30	57	2	2	4	0	0	0	0	0	0	0	0	0	0	0	0	16560957	
1037	1	D	2	N	2500	0	40	24	40	4	5	8	0	0	0	0	0	0	0	0	0	0	0	0	16561004	
1038	1	D	2	N	2500	0	40	44	62	3	4	9	0	0	0	0	0	0	0	0	0	0	0	0	16561222	
1039	1	D	2	N	2500	0	40	303	545	24	15	39	0	0	0	0	0	0	0	0	0	0	0	0	16561300	
1040	1	D	2	N	2500	0	40	286	603	31	11	20	0	0	0	0	0	0	0	0	0	0	0	0	16561425	
1041	1	D	2	N	2500	0	40	22	20	0	0	2	0	0	0	0	0	0	0	0	0	0	0	0	16561737	
1042	1	D	2	N	2500	0	40	39	60	4	7	14	0	0	0	0	0	0	0	0	0	0	0	0	16561753	
1043	1	D	2	N	2500	0	40	300	639	26	14	30	0	0	0	0	0	0	0	0	0	0	0	0	16561815	
1044	1	D	2	N	2500	0	40	21	22	0	1	2	0	0	0	0	0	0	0	0	0	0	0	0	16562112	
1045	1	D	2	N	2500	0	40	24	23	0	0	3	0	0	0	0	0	0	0	0	0	0	0	0	16562268	
1046	1	D	2	N	2500	0	40	33	56	7	8	8	0	0	0	0	0	0	0	0	0	0	0	0	16562534	
1047	1	D	2	N	2500	0	40	20	30	3	4	12	0	0	0	0	0	0	0	0	0	0	0	0	16562581	
1048	1	D	2	N	2500	0	40	26	41	1	1	5	0	0	0	0	0	0	0	0	0	0	0	0	16562596	
1049	1	D	2	N	2500	0	40	95	144	4	5	12	0	0	0	0	0	0	0	0	0	0	0	0	16562674	
1050	1	D	2	N	2500	0	40	26	34	1	2	3	0	0	0	0	0	0	0	0	0	0	0	0	16563376	
1051	1	D	1	N	2500	0	40	299	527	32	16	44	0	0	0	0	0	0	0	0	0	0	0	0	16571616	
1052	1	D	1	N	2500	0	40	23	27	1	2	6	0	0	0	0	0	0	0	0	0	0	0	0	16571866	
1053	1	D	1	N	2500	0	40	369	515	27	25	83	0	0	0	0	0	0	0	0	0	0	0	0	16572162	
1054	1	D	1	N	2500	0	40	21	28	2	2	4	0	0	0	0	0	0	0	0	0	0	0	0	16572224	
1055	1	D	1	N	2500	0	40	320	695	33	19	44	0	0	0	0	0	0	0	0	0	0	0	0	16572692	
1056	1	D	1	N	2500	0	40	24	22	0	0	1	0	0	0	0	0	0	0	0	0	0	0	0	16573067	
1057	1	D	1	N	2500	0	40	21	18	0	1	1	0	0	0	0	0	0	0	0	0	0	0	0	16573597	
1058	1	D	1	N	2500	0	40	21	23	1	1	4	0	0	0	0	0	0	0	0	0	0	0	0	16573862	
1059	1	D	1	N	2500	0	40	498	1155	68	58	180	0	0	0	0	0	0	0	0	0	0	0	0	16574315	
1060	1	D	1	N	2500	0	40	24	41	2	2	1	0	0	0	0	0	0	0	0	0	0	0	0	16575002	
1061	1	D	1	N	2500	0	40	30	36	4	5	11	0	0	0	0	0	0	0	0	0	0	0	0	16575127	
1062	1	D	1	N	2500	0	40	20	35	2	1	4	0	0	0	0	0	0	0	0	0	0	0	0	16575127	
1063	1	D	1	N	2500	0	40	24	40	2	3	5	0	0	0	0	0	0	0	0	0	0	0	0	16575127	
1064	1	D	1	N	2500	0	40	22	36	6	7	10	0	0	0	0	0	0	0	0	0	0	0	0	16575127	
1065	1	D	1	N	2500	0	40	45	61	4	6	14	0	0	0	0	0	0	0	0	0	0	0	0	16575221	
1066	1	D	1	N	2500	0	40	23	20	1	1	1	0	0	0	0	0	0	0	0	0	0	0	0	16575361	
1067	1	D	1	N	2500	0	40	23	31	1	1	1	0	0	0	0	0	0	0	0	0	0	0	0	16575517	
1068	1	D	1	N	2500	0	40	324	713	34	16	43	0	0	0	0	0	0	0	0	0	0	0	0	16575548	
1069	1	D	1	N	2500	0	40	34	68	4	4	10	0	0	0	0	0	0	0	0	0	0	0	0	16575564	
1070	1	D	1	N	2500	0	40	24	23	1	1	5	0	0	0	0	0	0	0	0	0	0	0	0	16575657	
1071	1	D	1	N	2500	0	40	333	620	30	18	57	0	0	0	0	0	0	0	0	0	0	0	0	16575735	
1072	1	D	1	N	2500	0	40	285	523	33	17	60	0	0	0	0	0	0	0	0	0	0	0	0	16575735	
1073	1	D	1	N	2500	0	40	292	601	34	15	43	0	0	0	0	0	0	0	0	0	0	0	0	16575923	
1074	1	D	1	N	2500	0	40	67	106	4	5	10	0	0	0	0	0	0	0	0	0	0	0	0	16576157	
1075	1	D	1	N	2500	0	40	298	536	27	26	82	0	0	0	0	0	0	0	0	0	0	0	0	16576453	
1076	1	D	1	N	2500	0	40	33	73	3	3	4	0	0	0	0	0	0	0	0	0	0	0	0	16576547	
1077	1	D	1	N	2500	0	40	20	19	1	1	3	0	0	0	0	0	0	0	0	0	0	0	0	16577077	
1078	1	D	1	N	2500	0	40	45	104	6	9	19	0	0	0	0	0	0	0	0	0	0	0	0	16577093	
1079	1	D	1	N	2500	0	40	40	67	4	5	14	0	0	0	0	0	0	0	0	0	0	0	0	16577405	
1080	1	D	1	N	2500	0	40	27	37	3	4	8	0	0	0	0	0	0	0	0	0	0	0	0	16577593	
1081	1	D	1	N	2500	0	40	312	612	30	18	45	0	0	0	0	0	0	0	0	0	0	0	0	16577811	
1082	1	D	1	N	2500	0	40	22	24	1	1	3	0	0	0	0	0	0	0	0	0	0	0	0	16577811	
1083	1	D	1	N	2500	0	40	22	46	2	7	26	0	0	0	0	0	0	0	0	0	0	0	0	16577827	


Threshold source: EXT,  value 50
Min TOF = 20
EXT signal gain 2.0
Green signal gain 3.0
Yellow signal gain 3.0
Red signal gain 3.0
Green PMT voltage 600
Yellow PMT voltage 600
Red PMT voltage 700
Signal multipliers: 5.0,5.0,5.0,5.0
C:\Users\unionbio\Desktop\COPAS Templates\USE for analysis_dauer.csv