Id	Plate	Row	Column	Clog	Scan rate	Status sort	Status sel	TOF	EXT	Green	Yellow	Red	PH Ext	PW Ext	PC Ext	PH Green	PW Green	PCGreen	PH Yellow	PW Yellow	PCYellow	PH Red	PW Red	PCRed	Time Stamp	
0	1	A	1	N	2500	6	40	197	299	13	13	39	0	0	0	0	0	0	0	0	0	0	0	0	5672390	
1	1	A	1	N	2500	0	40	22	29	2	3	9	0	0	0	0	0	0	0	0	0	0	0	0	5672842	
2	1	A	1	N	2500	0	40	25	44	1	2	4	0	0	0	0	0	0	0	0	0	0	0	0	5673732	
3	1	A	1	N	2500	0	40	167	191	4	8	24	0	0	0	0	0	0	0	0	0	0	0	0	5673856	
4	1	A	1	N	2500	0	40	147	281	103	141	204	0	0	0	0	0	0	0	0	0	0	0	0	5675058	
5	1	A	1	N	2500	0	40	133	158	5	4	14	0	0	0	0	0	0	0	0	0	0	0	0	5676119	
6	1	A	1	N	2500	0	40	121	155	3	6	24	0	0	0	0	0	0	0	0	0	0	0	0	5676353	
7	1	A	1	N	2500	0	40	147	253	7	10	40	0	0	0	0	0	0	0	0	0	0	0	0	5676447	
8	1	A	1	N	2500	0	40	148	189	4	7	23	0	0	0	0	0	0	0	0	0	0	0	0	5677414	
9	1	A	2	N	2500	6	40	70	150	7	4	12	0	0	0	0	0	0	0	0	0	0	0	0	5686823	
10	1	A	2	N	2500	0	40	183	259	7	14	47	0	0	0	0	0	0	0	0	0	0	0	0	5687946	
11	1	A	2	N	2500	0	40	215	320	12	11	35	0	0	0	0	0	0	0	0	0	0	0	0	5688727	
12	1	A	2	N	2500	0	40	230	309	10	5	25	0	0	0	0	0	0	0	0	0	0	0	0	5688868	
13	1	A	2	N	2500	0	40	20	16	0	2	5	0	0	0	0	0	0	0	0	0	0	0	0	5689008	
14	1	A	2	N	2500	0	40	133	133	4	6	21	0	0	0	0	0	0	0	0	0	0	0	0	5689148	
15	1	A	2	N	2500	0	40	108	168	5	6	22	0	0	0	0	0	0	0	0	0	0	0	0	5690287	
16	1	A	2	N	2500	0	40	230	287	10	7	24	0	0	0	0	0	0	0	0	0	0	0	0	5691020	
17	1	A	2	N	2500	0	40	25	25	1	2	9	0	0	0	0	0	0	0	0	0	0	0	0	5691131	
18	1	A	2	N	2500	0	40	180	218	8	12	47	0	0	0	0	0	0	0	0	0	0	0	0	5691583	
19	1	A	3	N	2500	6	40	23	37	2	3	6	0	0	0	0	0	0	0	0	0	0	0	0	5699665	
20	1	A	3	N	2500	0	40	180	203	7	7	23	0	0	0	0	0	0	0	0	0	0	0	0	5699743	
21	1	A	3	N	2500	0	40	140	221	6	6	17	0	0	0	0	0	0	0	0	0	0	0	0	5699774	
22	1	A	3	N	2500	0	40	175	191	8	16	58	0	0	0	0	0	0	0	0	0	0	0	0	5700008	
23	1	A	3	N	2500	0	40	98	177	5	7	21	0	0	0	0	0	0	0	0	0	0	0	0	5705423	
24	1	A	3	N	2500	0	40	203	215	8	5	14	0	0	0	0	0	0	0	0	0	0	0	0	5705579	
25	1	A	4	N	2500	6	40	24	34	4	0	1	0	0	0	0	0	0	0	0	0	0	0	0	5713445	
26	1	A	4	N	2500	0	40	20	19	1	1	2	0	0	0	0	0	0	0	0	0	0	0	0	5715801	
27	1	A	4	N	2500	0	40	101	208	5	8	25	0	0	0	0	0	0	0	0	0	0	0	0	5716722	
28	1	A	4	N	2500	0	40	168	164	5	6	29	0	0	0	0	0	0	0	0	0	0	0	0	5718595	
29	1	A	4	N	2500	0	40	147	198	5	5	18	0	0	0	0	0	0	0	0	0	0	0	0	5718986	
30	1	A	4	N	2500	0	40	216	290	5	8	27	0	0	0	0	0	0	0	0	0	0	0	0	5720156	
31	1	A	4	N	2500	0	40	113	168	6	3	7	0	0	0	0	0	0	0	0	0	0	0	0	5720171	
32	1	A	5	N	2500	6	40	97	114	16	12	23	0	0	0	0	0	0	0	0	0	0	0	0	5727661	
33	1	A	5	N	2500	0	40	140	139	16	20	32	0	0	0	0	0	0	0	0	0	0	0	0	5727661	
34	1	A	5	N	2500	0	40	203	248	10	8	34	0	0	0	0	0	0	0	0	0	0	0	0	5727802	
35	1	A	5	N	2500	0	40	24	45	8	9	16	0	0	0	0	0	0	0	0	0	0	0	0	5729408	
36	1	A	5	N	2500	0	40	26	49	11	14	14	0	0	0	0	0	0	0	0	0	0	0	0	5729408	
37	1	A	5	N	2500	0	40	174	201	8	9	25	0	0	0	0	0	0	0	0	0	0	0	0	5729861	
38	1	A	5	N	2500	0	40	153	206	5	8	30	0	0	0	0	0	0	0	0	0	0	0	0	5730252	
39	1	A	5	N	2500	0	40	217	285	9	17	58	0	0	0	0	0	0	0	0	0	0	0	0	5730392	
40	1	A	5	N	2500	0	40	200	262	13	8	31	0	0	0	0	0	0	0	0	0	0	0	0	5731422	
41	1	A	5	N	2500	0	40	188	225	7	9	31	0	0	0	0	0	0	0	0	0	0	0	0	5731484	
42	1	A	5	N	2500	0	40	111	187	5	5	17	0	0	0	0	0	0	0	0	0	0	0	0	5731765	
43	1	A	5	N	2500	0	40	134	272	8	14	47	0	0	0	0	0	0	0	0	0	0	0	0	5731937	
44	1	A	5	N	2500	0	40	183	188	6	6	21	0	0	0	0	0	0	0	0	0	0	0	0	5732015	
45	1	A	5	N	2500	0	40	21	23	2	2	4	0	0	0	0	0	0	0	0	0	0	0	0	5732124	
46	1	A	5	N	2500	0	40	98	171	5	41	147	0	0	0	0	0	0	0	0	0	0	0	0	5732155	
47	1	A	5	N	2500	0	40	172	225	8	9	37	0	0	0	0	0	0	0	0	0	0	0	0	5732342	
48	1	A	5	N	2500	0	40	68	144	3	12	47	0	0	0	0	0	0	0	0	0	0	0	0	5733122	
49	1	A	5	N	2500	0	40	115	266	10	13	38	0	0	0	0	0	0	0	0	0	0	0	0	5734854	
50	1	A	6	N	2500	6	40	34	87	12	0	2	0	0	0	0	0	0	0	0	0	0	0	0	5741533	
51	1	A	6	N	2500	0	40	73	127	15	1	9	0	0	0	0	0	0	0	0	0	0	0	0	5741657	
52	1	A	6	N	2500	0	40	21	22	0	0	3	0	0	0	0	0	0	0	0	0	0	0	0	5742640	
53	1	A	6	N	2500	0	40	91	192	5	8	25	0	0	0	0	0	0	0	0	0	0	0	0	5742983	
54	1	A	6	N	2500	0	40	188	248	8	11	35	0	0	0	0	0	0	0	0	0	0	0	0	5743685	
55	1	A	6	N	2500	0	40	208	325	10	12	37	0	0	0	0	0	0	0	0	0	0	0	0	5743951	
56	1	A	6	N	2500	0	40	236	294	10	14	49	0	0	0	0	0	0	0	0	0	0	0	0	5744497	
57	1	A	6	N	2500	0	40	125	266	11	14	52	0	0	0	0	0	0	0	0	0	0	0	0	5746073	
58	1	A	6	N	2500	0	40	146	242	6	6	24	0	0	0	0	0	0	0	0	0	0	0	0	5746182	
59	1	A	6	N	2500	0	40	184	244	7	12	44	0	0	0	0	0	0	0	0	0	0	0	0	5746292	
60	1	A	6	N	2500	0	40	37	71	1	1	3	0	0	0	0	0	0	0	0	0	0	0	0	5746307	
61	1	A	6	N	2500	0	40	20	18	1	1	2	0	0	0	0	0	0	0	0	0	0	0	0	5746338	
62	1	A	6	N	2500	0	40	173	229	8	17	58	0	0	0	0	0	0	0	0	0	0	0	0	5746760	
63	1	A	6	N	2500	0	40	93	141	5	6	17	0	0	0	0	0	0	0	0	0	0	0	0	5746822	
64	1	A	6	N	2500	0	40	28	48	1	4	10	0	0	0	0	0	0	0	0	0	0	0	0	5747150	
65	1	A	6	N	2500	0	40	23	39	2	2	4	0	0	0	0	0	0	0	0	0	0	0	0	5747228	
66	1	A	6	N	2500	0	40	202	241	8	10	34	0	0	0	0	0	0	0	0	0	0	0	0	5747306	
67	1	A	6	N	2500	0	40	168	304	12	6	23	0	0	0	0	0	0	0	0	0	0	0	0	5748149	
68	1	A	7	N	2500	6	40	192	236	11	9	33	0	0	0	0	0	0	0	0	0	0	0	0	5757636	
69	1	A	7	N	2500	0	40	25	49	1	1	2	0	0	0	0	0	0	0	0	0	0	0	0	5757745	
70	1	A	7	N	2500	0	40	370	742	37	28	84	0	0	0	0	0	0	0	0	0	0	0	0	5759196	
71	1	A	7	N	2500	0	40	273	450	26	17	43	0	0	0	0	0	0	0	0	0	0	0	0	5759321	
72	1	A	7	N	2500	0	40	335	905	14	20	60	0	0	0	0	0	0	0	0	0	0	0	0	5760929	
73	1	A	7	N	2500	0	40	32	44	1	2	10	0	0	0	0	0	0	0	0	0	0	0	0	5760975	
74	1	A	7	N	2500	0	40	29	27	1	1	4	0	0	0	0	0	0	0	0	0	0	0	0	5761225	
75	1	A	7	N	2500	0	40	282	497	20	10	28	0	0	0	0	0	0	0	0	0	0	0	0	5762317	
76	1	A	7	N	2500	0	40	29	36	2	1	6	0	0	0	0	0	0	0	0	0	0	0	0	5762769	
77	1	A	7	N	2500	0	40	20	25	1	2	5	0	0	0	0	0	0	0	0	0	0	0	0	5763363	
78	1	A	8	N	2500	6	40	25	25	1	2	4	0	0	0	0	0	0	0	0	0	0	0	0	5770899	
79	1	A	8	N	2500	0	40	26	40	1	0	0	0	0	0	0	0	0	0	0	0	0	0	0	5771071	
80	1	A	8	N	2500	0	40	317	617	30	118	367	0	0	0	0	0	0	0	0	0	0	0	0	5771117	
81	1	A	8	N	2500	0	40	266	473	29	11	27	0	0	0	0	0	0	0	0	0	0	0	0	5771398	
82	1	A	8	N	2500	0	40	57	94	3	5	16	0	0	0	0	0	0	0	0	0	0	0	0	5771913	
83	1	A	8	N	2500	0	40	22	22	1	0	1	0	0	0	0	0	0	0	0	0	0	0	0	5772086	
84	1	A	8	N	2500	0	40	334	486	20	13	33	0	0	0	0	0	0	0	0	0	0	0	0	5772195	
85	1	A	8	N	2500	0	40	317	647	35	24	65	0	0	0	0	0	0	0	0	0	0	0	0	5772413	
86	1	A	8	N	2500	0	40	30	34	1	3	9	0	0	0	0	0	0	0	0	0	0	0	0	5774427	
87	1	A	8	N	2500	0	40	376	789	46	82	266	0	0	0	0	0	0	0	0	0	0	0	0	5774801	
88	1	A	8	N	2500	0	40	283	482	20	16	41	0	0	0	0	0	0	0	0	0	0	0	0	5775300	
89	1	A	8	N	2500	0	40	407	777	34	25	77	0	0	0	0	0	0	0	0	0	0	0	0	5776345	
90	1	A	8	N	2500	0	40	337	717	36	108	376	0	0	0	0	0	0	0	0	0	0	0	0	5776517	
91	1	A	8	N	2500	0	40	151	458	23	16	36	0	0	0	0	0	0	0	0	0	0	0	0	5777079	
92	1	A	8	N	2500	0	40	267	493	24	6	11	0	0	0	0	0	0	0	0	0	0	0	0	5777094	
93	1	A	8	N	2500	0	40	92	269	13	8	16	0	0	0	0	0	0	0	0	0	0	0	0	5777188	
94	1	A	8	N	2500	0	40	284	608	36	15	38	0	0	0	0	0	0	0	0	0	0	0	0	5777469	
95	1	A	9	N	2500	6	40	259	472	32	18	54	0	0	0	0	0	0	0	0	0	0	0	0	5785225	
96	1	A	9	N	2500	0	40	22	35	3	4	8	0	0	0	0	0	0	0	0	0	0	0	0	5785942	
97	1	A	9	N	2500	0	40	276	486	24	11	26	0	0	0	0	0	0	0	0	0	0	0	0	5786894	
98	1	A	9	N	2500	0	40	226	598	27	15	34	0	0	0	0	0	0	0	0	0	0	0	0	5787145	
99	1	A	9	N	2500	0	40	21	35	2	2	4	0	0	0	0	0	0	0	0	0	0	0	0	5787176	
100	1	A	9	N	2500	0	40	260	479	23	10	26	0	0	0	0	0	0	0	0	0	0	0	0	5788096	
101	1	A	9	N	2500	0	40	160	516	19	13	26	0	0	0	0	0	0	0	0	0	0	0	0	5788845	
102	1	A	9	N	2500	0	40	279	548	26	10	23	0	0	0	0	0	0	0	0	0	0	0	0	5789173	
103	1	A	9	N	2500	0	40	201	480	25	17	47	0	0	0	0	0	0	0	0	0	0	0	0	5789500	
104	1	A	9	N	2500	0	40	26	35	0	3	13	0	0	0	0	0	0	0	0	0	0	0	0	5790015	
105	1	A	9	N	2500	0	40	268	459	22	14	35	0	0	0	0	0	0	0	0	0	0	0	0	5790639	
106	1	A	9	N	2500	0	40	281	515	26	16	37	0	0	0	0	0	0	0	0	0	0	0	0	5791435	
107	1	A	9	N	2500	0	40	31	32	0	1	2	0	0	0	0	0	0	0	0	0	0	0	0	5791637	
108	1	A	9	N	2500	0	40	25	39	73	196	196	0	0	0	0	0	0	0	0	0	0	0	0	5791778	
109	1	A	10	N	2500	6	40	23	24	1	1	4	0	0	0	0	0	0	0	0	0	0	0	0	5798769	
110	1	A	10	N	2500	0	40	30	43	1	0	0	0	0	0	0	0	0	0	0	0	0	0	0	5799269	
111	1	A	10	N	2500	0	40	22	21	0	1	5	0	0	0	0	0	0	0	0	0	0	0	0	5800142	
112	1	A	10	N	2500	0	40	280	508	27	13	26	0	0	0	0	0	0	0	0	0	0	0	0	5800267	
113	1	A	10	N	2500	0	40	360	582	27	17	45	0	0	0	0	0	0	0	0	0	0	0	0	5800844	
114	1	A	10	N	2500	0	40	267	496	19	7	21	0	0	0	0	0	0	0	0	0	0	0	0	5801437	
115	1	A	10	N	2500	0	40	27	23	0	1	3	0	0	0	0	0	0	0	0	0	0	0	0	5804292	
116	1	A	10	N	2500	0	40	22	19	1	0	1	0	0	0	0	0	0	0	0	0	0	0	0	5805245	
117	1	A	10	N	2500	0	40	28	39	16	20	22	0	0	0	0	0	0	0	0	0	0	0	0	5805603	
118	1	A	10	N	2500	0	40	29	25	0	1	6	0	0	0	0	0	0	0	0	0	0	0	0	5805619	
119	1	A	10	N	2500	0	40	270	510	21	9	23	0	0	0	0	0	0	0	0	0	0	0	0	5805978	
120	1	A	11	N	2500	6	40	264	444	24	18	54	0	0	0	0	0	0	0	0	0	0	0	0	5812702	
121	1	A	11	N	2500	0	40	22	21	1	1	3	0	0	0	0	0	0	0	0	0	0	0	0	5813124	
122	1	A	11	N	2500	0	40	46	70	2	2	8	0	0	0	0	0	0	0	0	0	0	0	0	5813529	
123	1	A	11	N	2500	0	40	294	407	24	27	92	0	0	0	0	0	0	0	0	0	0	0	0	5814685	
124	1	A	11	N	2500	0	40	25	46	3	3	5	0	0	0	0	0	0	0	0	0	0	0	0	5814825	
125	1	A	11	N	2500	0	40	21	25	1	1	3	0	0	0	0	0	0	0	0	0	0	0	0	5816120	
126	1	A	11	N	2500	0	40	255	441	21	10	26	0	0	0	0	0	0	0	0	0	0	0	0	5816650	
127	1	A	11	N	2500	0	40	62	180	7	12	32	0	0	0	0	0	0	0	0	0	0	0	0	5816791	
128	1	A	11	N	2500	0	40	249	450	20	13	44	0	0	0	0	0	0	0	0	0	0	0	0	5817743	
129	1	A	11	N	2500	0	40	286	675	35	21	62	0	0	0	0	0	0	0	0	0	0	0	0	5817759	
130	1	A	11	N	2500	0	40	21	23	1	1	5	0	0	0	0	0	0	0	0	0	0	0	0	5818055	
131	1	A	11	N	2500	0	40	291	440	20	11	36	0	0	0	0	0	0	0	0	0	0	0	0	5818461	
132	1	A	11	N	2500	0	40	291	532	22	30	106	0	0	0	0	0	0	0	0	0	0	0	0	5819007	
133	1	A	11	N	2500	0	40	21	22	1	1	5	0	0	0	0	0	0	0	0	0	0	0	0	5819600	
134	1	A	11	N	2500	0	40	41	99	13	14	23	0	0	0	0	0	0	0	0	0	0	0	0	5819818	
135	1	A	12	N	2500	6	40	421	767	43	28	63	0	0	0	0	0	0	0	0	0	0	0	0	5827434	
136	1	A	12	N	2500	0	40	28	35	1	2	3	0	0	0	0	0	0	0	0	0	0	0	0	5829213	
137	1	A	12	N	2500	0	40	22	34	4	5	6	0	0	0	0	0	0	0	0	0	0	0	0	5829276	
138	1	A	12	N	2500	0	40	300	575	28	12	18	0	0	0	0	0	0	0	0	0	0	0	0	5829338	
139	1	A	12	N	2500	0	40	407	717	47	15	45	0	0	0	0	0	0	0	0	0	0	0	0	5829853	
140	1	A	12	N	2500	0	40	262	464	19	7	18	0	0	0	0	0	0	0	0	0	0	0	0	5830446	
141	1	A	12	N	2500	0	40	278	490	23	8	27	0	0	0	0	0	0	0	0	0	0	0	0	5830836	
142	1	A	12	N	2500	0	40	20	28	1	1	1	0	0	0	0	0	0	0	0	0	0	0	0	5831319	
143	1	A	12	N	2500	0	40	257	324	12	19	65	0	0	0	0	0	0	0	0	0	0	0	0	5832428	
144	1	A	12	N	2500	0	40	21	28	1	1	4	0	0	0	0	0	0	0	0	0	0	0	0	5833333	
145	1	A	12	N	2500	0	40	21	23	1	3	14	0	0	0	0	0	0	0	0	0	0	0	0	5833535	
146	1	A	12	N	2500	0	40	188	590	23	11	18	0	0	0	0	0	0	0	0	0	0	0	0	5834114	
147	1	B	12	N	2500	6	40	21	20	0	1	4	0	0	0	0	0	0	0	0	0	0	0	0	5841385	
148	1	B	12	N	2500	0	40	38	39	2	2	6	0	0	0	0	0	0	0	0	0	0	0	0	5844787	
149	1	B	12	N	2500	0	40	153	446	23	18	39	0	0	0	0	0	0	0	0	0	0	0	0	5845692	
150	1	B	12	N	2500	0	40	261	462	23	21	51	0	0	0	0	0	0	0	0	0	0	0	0	5845926	
151	1	B	12	N	2500	0	40	261	458	30	17	43	0	0	0	0	0	0	0	0	0	0	0	0	5846129	
152	1	B	12	N	2500	0	40	269	424	18	8	21	0	0	0	0	0	0	0	0	0	0	0	0	5846581	
153	1	B	12	N	2500	0	40	32	31	2	3	5	0	0	0	0	0	0	0	0	0	0	0	0	5847205	
154	1	B	12	N	2500	0	40	255	687	36	49	145	0	0	0	0	0	0	0	0	0	0	0	0	5847579	
155	1	B	12	N	2500	0	40	88	102	6	144	262	0	0	0	0	0	0	0	0	0	0	0	0	5847579	
156	1	B	12	N	2500	0	40	283	545	18	10	28	0	0	0	0	0	0	0	0	0	0	0	0	5847595	
157	1	B	12	N	2500	0	40	23	35	3	3	7	0	0	0	0	0	0	0	0	0	0	0	0	5847611	
158	1	B	12	N	2500	0	40	266	496	16	10	25	0	0	0	0	0	0	0	0	0	0	0	0	5847891	
159	1	B	12	N	2500	0	40	78	151	35	1	2	0	0	0	0	0	0	0	0	0	0	0	0	5847907	
160	1	B	11	N	2500	6	40	75	110	5	4	11	0	0	0	0	0	0	0	0	0	0	0	0	5856707	
161	1	B	11	N	2500	0	40	25	25	2	2	5	0	0	0	0	0	0	0	0	0	0	0	0	5856973	
162	1	B	11	N	2500	0	40	268	460	20	10	32	0	0	0	0	0	0	0	0	0	0	0	0	5857565	
163	1	B	11	N	2500	0	40	268	509	20	12	34	0	0	0	0	0	0	0	0	0	0	0	0	5858221	
164	1	B	11	N	2500	0	40	273	542	21	10	24	0	0	0	0	0	0	0	0	0	0	0	0	5859079	
165	1	B	11	N	2500	0	40	309	570	33	23	65	0	0	0	0	0	0	0	0	0	0	0	0	5859188	
166	1	B	11	N	2500	0	40	272	500	23	19	61	0	0	0	0	0	0	0	0	0	0	0	0	5859640	
167	1	B	11	N	2500	0	40	27	34	4	4	8	0	0	0	0	0	0	0	0	0	0	0	0	5859703	
168	1	B	11	N	2500	0	40	372	706	50	18	47	0	0	0	0	0	0	0	0	0	0	0	0	5860748	
169	1	B	11	N	2500	0	40	241	401	14	12	34	0	0	0	0	0	0	0	0	0	0	0	0	5861481	
170	1	B	11	N	2500	0	40	25	29	0	2	4	0	0	0	0	0	0	0	0	0	0	0	0	5862278	
171	1	B	11	N	2500	0	40	290	563	25	17	48	0	0	0	0	0	0	0	0	0	0	0	0	5862636	
172	1	B	11	N	2500	0	40	328	431	23	21	61	0	0	0	0	0	0	0	0	0	0	0	0	5862839	
173	1	B	10	N	2500	6	40	33	45	9	239	262	0	0	0	0	0	0	0	0	0	0	0	0	5870796	
174	1	B	10	N	2500	0	40	48	53	3	2	3	0	0	0	0	0	0	0	0	0	0	0	0	5871562	
175	1	B	10	N	2500	0	40	22	27	1	2	4	0	0	0	0	0	0	0	0	0	0	0	0	5871983	
176	1	B	10	N	2500	0	40	183	398	20	17	49	0	0	0	0	0	0	0	0	0	0	0	0	5872701	
177	1	B	10	N	2500	0	40	274	471	22	7	20	0	0	0	0	0	0	0	0	0	0	0	0	5872888	
178	1	B	10	N	2500	0	40	23	26	1	2	6	0	0	0	0	0	0	0	0	0	0	0	0	5872903	
179	1	B	10	N	2500	0	40	21	29	2	2	6	0	0	0	0	0	0	0	0	0	0	0	0	5873902	
180	1	B	10	N	2500	0	40	292	606	31	13	35	0	0	0	0	0	0	0	0	0	0	0	0	5874106	
181	1	B	10	N	2500	0	40	28	67	24	31	34	0	0	0	0	0	0	0	0	0	0	0	0	5874293	
182	1	B	10	N	2500	0	40	268	489	23	8	22	0	0	0	0	0	0	0	0	0	0	0	0	5874371	
183	1	B	10	N	2500	0	40	271	582	24	30	93	0	0	0	0	0	0	0	0	0	0	0	0	5874511	
184	1	B	10	N	2500	0	40	324	670	36	42	130	0	0	0	0	0	0	0	0	0	0	0	0	5875198	
185	1	B	10	N	2500	0	40	33	49	3	4	10	0	0	0	0	0	0	0	0	0	0	0	0	5875510	
186	1	B	10	N	2500	0	40	160	496	22	14	27	0	0	0	0	0	0	0	0	0	0	0	0	5876820	
187	1	B	9	N	2500	6	40	354	846	45	40	111	0	0	0	0	0	0	0	0	0	0	0	0	5884778	
188	1	B	9	N	2500	0	40	20	29	2	5	13	0	0	0	0	0	0	0	0	0	0	0	0	5885106	
189	1	B	9	N	2500	0	40	20	21	1	3	6	0	0	0	0	0	0	0	0	0	0	0	0	5885277	
190	1	B	9	N	2500	0	40	271	470	20	7	12	0	0	0	0	0	0	0	0	0	0	0	0	5885527	
191	1	B	9	N	2500	0	40	279	550	28	20	61	0	0	0	0	0	0	0	0	0	0	0	0	5886448	
192	1	B	9	N	2500	0	40	274	525	23	9	22	0	0	0	0	0	0	0	0	0	0	0	0	5889086	
193	1	B	9	N	2500	0	40	269	317	14	11	36	0	0	0	0	0	0	0	0	0	0	0	0	5889320	
194	1	B	9	N	2500	0	40	280	550	22	12	28	0	0	0	0	0	0	0	0	0	0	0	0	5889398	
195	1	B	9	N	2500	0	40	309	616	28	28	80	0	0	0	0	0	0	0	0	0	0	0	0	5889429	
196	1	B	9	N	2500	0	40	357	710	39	17	50	0	0	0	0	0	0	0	0	0	0	0	0	5889756	
197	1	B	9	N	2500	0	40	20	22	1	1	5	0	0	0	0	0	0	0	0	0	0	0	0	5890146	
198	1	B	9	N	2500	0	40	296	532	31	12	21	0	0	0	0	0	0	0	0	0	0	0	0	5891004	
199	1	B	8	N	2500	6	40	268	653	34	23	56	0	0	0	0	0	0	0	0	0	0	0	0	5898417	
200	1	B	8	N	2500	0	40	257	428	28	15	41	0	0	0	0	0	0	0	0	0	0	0	0	5899587	
201	1	B	8	N	2500	0	40	31	49	3	2	5	0	0	0	0	0	0	0	0	0	0	0	0	5899665	
202	1	B	8	N	2500	0	40	23	30	1	2	8	0	0	0	0	0	0	0	0	0	0	0	0	5900040	
203	1	B	8	N	2500	0	40	31	36	2	3	6	0	0	0	0	0	0	0	0	0	0	0	0	5900087	
204	1	B	8	N	2500	0	40	386	737	49	17	56	0	0	0	0	0	0	0	0	0	0	0	0	5900367	
205	1	B	8	N	2500	0	40	275	570	26	10	23	0	0	0	0	0	0	0	0	0	0	0	0	5901054	
206	1	B	8	N	2500	0	40	20	16	0	1	3	0	0	0	0	0	0	0	0	0	0	0	0	5901320	
207	1	B	8	N	2500	0	40	228	339	17	9	27	0	0	0	0	0	0	0	0	0	0	0	0	5902318	
208	1	B	8	N	2500	0	40	282	556	24	14	29	0	0	0	0	0	0	0	0	0	0	0	0	5902396	
209	1	B	8	N	2500	0	40	236	589	27	24	68	0	0	0	0	0	0	0	0	0	0	0	0	5902537	
210	1	B	8	N	2500	0	40	307	553	24	10	18	0	0	0	0	0	0	0	0	0	0	0	0	5903332	
211	1	B	8	N	2500	0	40	259	461	25	19	61	0	0	0	0	0	0	0	0	0	0	0	0	5904315	
212	1	B	8	N	2500	0	40	332	689	40	48	150	0	0	0	0	0	0	0	0	0	0	0	0	5904814	
213	1	B	8	N	2500	0	40	272	499	21	16	42	0	0	0	0	0	0	0	0	0	0	0	0	5904924	
214	1	B	7	N	2500	6	40	284	421	17	7	21	0	0	0	0	0	0	0	0	0	0	0	0	5912242	
215	1	B	7	N	2500	0	40	22	19	0	2	4	0	0	0	0	0	0	0	0	0	0	0	0	5912320	
216	1	B	7	N	2500	0	40	21	36	2	1	2	0	0	0	0	0	0	0	0	0	0	0	0	5913694	
217	1	B	7	N	2500	0	40	261	459	26	8	23	0	0	0	0	0	0	0	0	0	0	0	0	5914146	
218	1	B	7	N	2500	0	40	21	26	1	1	4	0	0	0	0	0	0	0	0	0	0	0	0	5914552	
219	1	B	7	N	2500	0	40	21	29	2	2	5	0	0	0	0	0	0	0	0	0	0	0	0	5915082	
220	1	B	7	N	2500	0	40	45	58	2	2	6	0	0	0	0	0	0	0	0	0	0	0	0	5916018	
221	1	B	7	N	2500	0	40	269	444	17	15	47	0	0	0	0	0	0	0	0	0	0	0	0	5916330	
222	1	B	7	N	2500	0	40	28	37	1	5	20	0	0	0	0	0	0	0	0	0	0	0	0	5916923	
223	1	B	7	N	2500	0	40	25	31	2	1	2	0	0	0	0	0	0	0	0	0	0	0	0	5917266	
224	1	B	7	N	2500	0	40	20	21	1	0	1	0	0	0	0	0	0	0	0	0	0	0	0	5918467	
225	1	B	7	N	2500	0	40	60	154	5	7	23	0	0	0	0	0	0	0	0	0	0	0	0	5919045	
226	1	B	7	N	2500	0	40	283	526	20	9	14	0	0	0	0	0	0	0	0	0	0	0	0	5919280	
227	1	B	6	N	2500	6	40	44	37	1	0	2	0	0	0	0	0	0	0	0	0	0	0	0	5926974	
228	1	B	6	N	2500	0	40	64	98	1	1	6	0	0	0	0	0	0	0	0	0	0	0	0	5926974	
229	1	B	6	N	2500	0	40	173	304	12	7	21	0	0	0	0	0	0	0	0	0	0	0	0	5927286	
230	1	B	6	N	2500	0	40	226	294	12	10	39	0	0	0	0	0	0	0	0	0	0	0	0	5929439	
231	1	B	6	N	2500	0	40	41	73	20	25	28	0	0	0	0	0	0	0	0	0	0	0	0	5929626	
232	1	B	6	N	2500	0	40	27	36	13	16	19	0	0	0	0	0	0	0	0	0	0	0	0	5930001	
233	1	B	6	N	2500	0	40	84	153	4	15	56	0	0	0	0	0	0	0	0	0	0	0	0	5930609	
234	1	B	6	N	2500	0	40	162	206	5	5	17	0	0	0	0	0	0	0	0	0	0	0	0	5930625	
235	1	B	6	N	2500	0	40	248	309	11	17	59	0	0	0	0	0	0	0	0	0	0	0	0	5931328	
236	1	B	6	N	2500	0	40	209	293	10	11	37	0	0	0	0	0	0	0	0	0	0	0	0	5931671	
237	1	B	6	N	2500	0	40	186	226	7	4	12	0	0	0	0	0	0	0	0	0	0	0	0	5933371	
238	1	B	6	N	2500	0	40	203	591	26	18	41	0	0	0	0	0	0	0	0	0	0	0	0	5933465	
239	1	B	5	N	2500	6	40	238	328	15	12	45	0	0	0	0	0	0	0	0	0	0	0	0	5942827	
240	1	B	5	N	2500	0	40	157	167	4	6	22	0	0	0	0	0	0	0	0	0	0	0	0	5943343	
241	1	B	5	N	2500	0	40	242	402	17	11	36	0	0	0	0	0	0	0	0	0	0	0	0	5943873	
242	1	B	5	N	2500	0	40	158	306	10	13	38	0	0	0	0	0	0	0	0	0	0	0	0	5944216	
243	1	B	5	N	2500	0	40	246	347	15	17	52	0	0	0	0	0	0	0	0	0	0	0	0	5944575	
244	1	B	5	N	2500	0	40	156	242	7	4	10	0	0	0	0	0	0	0	0	0	0	0	0	5944638	
245	1	B	5	N	2500	0	40	38	35	2	3	12	0	0	0	0	0	0	0	0	0	0	0	0	5946073	
246	1	B	5	N	2500	0	40	191	230	5	7	34	0	0	0	0	0	0	0	0	0	0	0	0	5947306	
247	1	B	4	N	2500	6	40	187	206	6	12	53	0	0	0	0	0	0	0	0	0	0	0	0	5955671	
248	1	B	4	N	2500	0	40	189	273	13	9	30	0	0	0	0	0	0	0	0	0	0	0	0	5957153	
249	1	B	4	N	2500	0	40	21	21	1	1	7	0	0	0	0	0	0	0	0	0	0	0	0	5957356	
250	1	B	3	N	2500	6	40	219	319	14	9	35	0	0	0	0	0	0	0	0	0	0	0	0	5970713	
251	1	B	3	N	2500	0	40	230	374	18	11	35	0	0	0	0	0	0	0	0	0	0	0	0	5972367	
252	1	B	3	N	2500	0	40	232	378	14	10	39	0	0	0	0	0	0	0	0	0	0	0	0	5972679	
253	1	B	3	N	2500	0	40	219	317	12	9	32	0	0	0	0	0	0	0	0	0	0	0	0	5973552	
254	1	B	3	N	2500	0	40	21	24	1	1	5	0	0	0	0	0	0	0	0	0	0	0	0	5974005	
255	1	B	3	N	2500	0	40	31	40	2	3	11	0	0	0	0	0	0	0	0	0	0	0	0	5974005	
256	1	B	3	N	2500	0	40	121	181	4	6	24	0	0	0	0	0	0	0	0	0	0	0	0	5974364	
257	1	B	3	N	2500	0	40	208	245	9	12	47	0	0	0	0	0	0	0	0	0	0	0	0	5974520	
258	1	B	3	N	2500	0	40	20	25	2	2	5	0	0	0	0	0	0	0	0	0	0	0	0	5974863	
259	1	B	3	N	2500	0	40	51	94	22	26	31	0	0	0	0	0	0	0	0	0	0	0	0	5975222	
260	1	B	3	N	2500	0	40	27	52	9	11	14	0	0	0	0	0	0	0	0	0	0	0	0	5975222	
261	1	B	2	N	2500	6	40	231	318	12	12	41	0	0	0	0	0	0	0	0	0	0	0	0	5984164	
262	1	B	2	N	2500	0	40	42	46	1	2	6	0	0	0	0	0	0	0	0	0	0	0	0	5984226	
263	1	B	2	N	2500	0	40	29	34	0	0	3	0	0	0	0	0	0	0	0	0	0	0	0	5984226	
264	1	B	2	N	2500	0	40	112	276	8	7	16	0	0	0	0	0	0	0	0	0	0	0	0	5985708	
265	1	B	2	N	2500	0	40	218	314	12	12	33	0	0	0	0	0	0	0	0	0	0	0	0	5985708	
266	1	B	2	N	2500	0	40	116	166	4	6	20	0	0	0	0	0	0	0	0	0	0	0	0	5986207	
267	1	B	2	N	2500	0	40	135	211	9	10	29	0	0	0	0	0	0	0	0	0	0	0	0	5986519	
268	1	B	2	N	2500	0	40	22	31	1	3	8	0	0	0	0	0	0	0	0	0	0	0	0	5987174	
269	1	B	2	N	2500	0	40	45	107	7	10	19	0	0	0	0	0	0	0	0	0	0	0	0	5987237	
270	1	B	2	N	2500	0	40	235	384	15	13	33	0	0	0	0	0	0	0	0	0	0	0	0	5987315	
271	1	B	2	N	2500	0	40	262	414	20	16	49	0	0	0	0	0	0	0	0	0	0	0	0	5987658	
272	1	B	2	N	2500	0	40	190	269	10	19	59	0	0	0	0	0	0	0	0	0	0	0	0	5988205	
273	1	B	2	N	2500	0	40	186	217	5	5	18	0	0	0	0	0	0	0	0	0	0	0	0	5988860	
274	1	B	1	N	2500	6	40	257	379	14	12	39	0	0	0	0	0	0	0	0	0	0	0	0	5997381	
275	1	B	1	N	2500	0	40	239	402	32	6	17	0	0	0	0	0	0	0	0	0	0	0	0	5999658	
276	1	B	1	N	2500	0	40	231	373	14	10	31	0	0	0	0	0	0	0	0	0	0	0	0	5999830	
277	1	B	1	N	2500	0	40	251	428	20	14	38	0	0	0	0	0	0	0	0	0	0	0	0	6000048	
278	1	B	1	N	2500	0	40	240	413	19	10	25	0	0	0	0	0	0	0	0	0	0	0	0	6000205	
279	1	B	1	N	2500	0	40	21	30	10	11	8	0	0	0	0	0	0	0	0	0	0	0	0	6000533	
280	1	B	1	N	2500	0	40	268	425	15	15	48	0	0	0	0	0	0	0	0	0	0	0	0	6000736	
281	1	B	1	N	2500	0	40	25	33	6	8	10	0	0	0	0	0	0	0	0	0	0	0	0	6001095	
282	1	B	1	N	2500	0	40	198	387	19	15	48	0	0	0	0	0	0	0	0	0	0	0	0	6001765	
283	1	B	1	N	2500	0	40	152	376	14	15	39	0	0	0	0	0	0	0	0	0	0	0	0	6002202	
284	1	B	1	N	2500	0	40	312	541	35	22	65	0	0	0	0	0	0	0	0	0	0	0	0	6003482	
285	1	B	1	N	2500	0	40	167	222	7	6	22	0	0	0	0	0	0	0	0	0	0	0	0	6003857	
286	1	B	1	N	2500	0	40	251	383	20	9	29	0	0	0	0	0	0	0	0	0	0	0	0	6004028	
287	1	B	1	N	2500	0	40	270	506	22	9	21	0	0	0	0	0	0	0	0	0	0	0	0	6004169	
288	1	B	1	N	2500	0	40	169	308	14	18	59	0	0	0	0	0	0	0	0	0	0	0	0	6004294	
289	1	C	1	N	2500	6	40	89	183	5	4	15	0	0	0	0	0	0	0	0	0	0	0	0	6012767	
290	1	C	1	N	2500	0	40	220	298	11	12	41	0	0	0	0	0	0	0	0	0	0	0	0	6013672	
291	1	C	1	N	2500	0	40	158	204	5	5	17	0	0	0	0	0	0	0	0	0	0	0	0	6014468	
292	1	C	1	N	2500	0	40	185	194	10	7	26	0	0	0	0	0	0	0	0	0	0	0	0	6014561	
293	1	C	1	N	2500	0	40	161	185	7	7	26	0	0	0	0	0	0	0	0	0	0	0	0	6015966	
294	1	C	1	N	2500	0	40	105	259	6	6	20	0	0	0	0	0	0	0	0	0	0	0	0	6017807	
295	1	C	1	N	2500	0	40	128	317	12	7	16	0	0	0	0	0	0	0	0	0	0	0	0	6018151	
296	1	C	2	N	2500	6	40	226	295	13	10	40	0	0	0	0	0	0	0	0	0	0	0	0	6026015	
297	1	C	2	N	2500	0	40	239	363	21	14	48	0	0	0	0	0	0	0	0	0	0	0	0	6026483	
298	1	C	2	N	2500	0	40	234	358	12	11	40	0	0	0	0	0	0	0	0	0	0	0	0	6028356	
299	1	C	2	N	2500	0	40	211	236	7	6	28	0	0	0	0	0	0	0	0	0	0	0	0	6028746	
300	1	C	2	N	2500	0	40	26	35	2	3	9	0	0	0	0	0	0	0	0	0	0	0	0	6031383	
301	1	C	2	N	2500	0	40	184	214	6	5	26	0	0	0	0	0	0	0	0	0	0	0	0	6031414	
302	1	C	2	N	2500	0	40	209	444	38	19	53	0	0	0	0	0	0	0	0	0	0	0	0	6031695	
303	1	C	2	N	2500	0	40	21	36	5	5	6	0	0	0	0	0	0	0	0	0	0	0	0	6032413	
304	1	C	2	N	2500	0	40	20	22	1	1	3	0	0	0	0	0	0	0	0	0	0	0	0	6033224	
305	1	C	3	N	2500	6	40	21	41	5	1	3	0	0	0	0	0	0	0	0	0	0	0	0	6039965	
306	1	C	3	N	2500	0	40	70	235	30	4	13	0	0	0	0	0	0	0	0	0	0	0	0	6039981	
307	1	C	3	N	2500	0	40	84	166	28	2	10	0	0	0	0	0	0	0	0	0	0	0	0	6040028	
308	1	C	3	N	2500	0	40	63	156	24	1	5	0	0	0	0	0	0	0	0	0	0	0	0	6040152	
309	1	C	3	N	2500	0	40	21	40	5	0	0	0	0	0	0	0	0	0	0	0	0	0	0	6040230	
310	1	C	3	N	2500	0	40	30	88	10	0	2	0	0	0	0	0	0	0	0	0	0	0	0	6040293	
311	1	C	3	N	2500	0	40	155	226	9	9	35	0	0	0	0	0	0	0	0	0	0	0	0	6041837	
312	1	C	3	N	2500	0	40	228	264	11	12	41	0	0	0	0	0	0	0	0	0	0	0	0	6043008	
313	1	C	3	N	2500	0	40	183	211	5	8	29	0	0	0	0	0	0	0	0	0	0	0	0	6043414	
314	1	C	3	N	2500	0	40	38	119	15	1	5	0	0	0	0	0	0	0	0	0	0	0	0	6043523	
315	1	C	3	N	2500	0	40	250	398	12	12	38	0	0	0	0	0	0	0	0	0	0	0	0	6044163	
316	1	C	3	N	2500	0	40	30	48	1	1	2	0	0	0	0	0	0	0	0	0	0	0	0	6045208	
317	1	C	3	N	2500	0	40	206	287	8	11	45	0	0	0	0	0	0	0	0	0	0	0	0	6045645	
318	1	C	3	N	2500	0	40	56	321	33	0	3	0	0	0	0	0	0	0	0	0	0	0	0	6046269	
319	1	C	3	N	2500	0	40	337	571	27	19	68	0	0	0	0	0	0	0	0	0	0	0	0	6046549	
320	1	C	4	N	2500	6	40	22	31	2	3	7	0	0	0	0	0	0	0	0	0	0	0	0	6055490	
321	1	C	4	N	2500	0	40	34	45	2	4	12	0	0	0	0	0	0	0	0	0	0	0	0	6055740	
322	1	C	4	N	2500	0	40	213	315	12	9	30	0	0	0	0	0	0	0	0	0	0	0	0	6056707	
323	1	C	4	N	2500	0	40	249	335	14	13	45	0	0	0	0	0	0	0	0	0	0	0	0	6057238	
324	1	C	4	N	2500	0	40	24	29	1	2	6	0	0	0	0	0	0	0	0	0	0	0	0	6058065	
325	1	C	4	N	2500	0	40	28	34	2	3	9	0	0	0	0	0	0	0	0	0	0	0	0	6058330	
326	1	C	4	N	2500	0	40	227	271	8	13	53	0	0	0	0	0	0	0	0	0	0	0	0	6059001	
327	1	C	4	N	2500	0	40	214	274	11	14	49	0	0	0	0	0	0	0	0	0	0	0	0	6059251	
328	1	C	4	N	2500	0	40	33	54	1	1	1	0	0	0	0	0	0	0	0	0	0	0	0	6059485	
329	1	C	4	N	2500	0	40	342	574	27	23	61	0	0	0	0	0	0	0	0	0	0	0	0	6059719	
330	1	C	4	N	2500	0	40	182	215	7	6	22	0	0	0	0	0	0	0	0	0	0	0	0	6060562	
331	1	C	5	N	2500	6	40	191	223	6	7	25	0	0	0	0	0	0	0	0	0	0	0	0	6068598	
332	1	C	5	N	2500	0	40	189	216	7	10	31	0	0	0	0	0	0	0	0	0	0	0	0	6069707	
333	1	C	5	N	2500	0	40	39	45	2	4	9	0	0	0	0	0	0	0	0	0	0	0	0	6069738	
334	1	C	5	N	2500	0	40	218	288	9	20	75	0	0	0	0	0	0	0	0	0	0	0	0	6070331	
335	1	C	5	N	2500	0	40	22	22	1	1	2	0	0	0	0	0	0	0	0	0	0	0	0	6070612	
336	1	C	5	N	2500	0	40	22	25	2	62	166	0	0	0	0	0	0	0	0	0	0	0	0	6070705	
337	1	C	5	N	2500	0	40	194	299	12	13	51	0	0	0	0	0	0	0	0	0	0	0	0	6070924	
338	1	C	5	N	2500	0	40	140	194	4	5	18	0	0	0	0	0	0	0	0	0	0	0	0	6072188	
339	1	C	5	N	2500	0	40	163	181	5	3	14	0	0	0	0	0	0	0	0	0	0	0	0	6073499	
340	1	C	5	N	2500	0	40	98	217	5	8	17	0	0	0	0	0	0	0	0	0	0	0	0	6074091	
341	1	C	5	N	2500	0	40	197	188	9	10	36	0	0	0	0	0	0	0	0	0	0	0	0	6074325	
342	1	C	5	N	2500	0	40	281	356	20	17	65	0	0	0	0	0	0	0	0	0	0	0	0	6074778	
343	1	C	6	N	2500	6	40	21	26	2	3	8	0	0	0	0	0	0	0	0	0	0	0	0	6082642	
344	1	C	6	N	2500	0	40	219	280	10	5	21	0	0	0	0	0	0	0	0	0	0	0	0	6083438	
345	1	C	6	N	2500	0	40	87	185	4	4	18	0	0	0	0	0	0	0	0	0	0	0	0	6083937	
346	1	C	6	N	2500	0	40	138	246	6	8	30	0	0	0	0	0	0	0	0	0	0	0	0	6084640	
347	1	C	6	N	2500	0	40	193	241	7	14	53	0	0	0	0	0	0	0	0	0	0	0	0	6085311	
348	1	C	6	N	2500	0	40	123	269	8	12	39	0	0	0	0	0	0	0	0	0	0	0	0	6085467	
349	1	C	6	N	2500	0	40	25	57	76	196	196	0	0	0	0	0	0	0	0	0	0	0	0	6086481	
350	1	C	6	N	2500	0	40	197	245	6	12	39	0	0	0	0	0	0	0	0	0	0	0	0	6086824	
351	1	C	6	N	2500	0	40	254	397	15	13	46	0	0	0	0	0	0	0	0	0	0	0	0	6089009	
352	1	C	6	N	2500	0	40	217	272	10	15	56	0	0	0	0	0	0	0	0	0	0	0	0	6089711	
353	1	C	6	N	2500	0	40	156	197	5	8	26	0	0	0	0	0	0	0	0	0	0	0	0	6089727	
354	1	C	7	N	2500	6	40	20	21	0	1	2	0	0	0	0	0	0	0	0	0	0	0	0	6098604	
355	1	C	7	N	2500	0	40	26	28	1	1	4	0	0	0	0	0	0	0	0	0	0	0	0	6098604	
356	1	C	7	N	2500	0	40	174	382	19	22	65	0	0	0	0	0	0	0	0	0	0	0	0	6100493	
357	1	C	7	N	2500	0	40	320	1321	97	49	64	0	0	0	0	0	0	0	0	0	0	0	0	6101304	
358	1	C	7	N	2500	0	40	28	52	1	1	2	0	0	0	0	0	0	0	0	0	0	0	0	6101538	
359	1	C	7	N	2500	0	40	458	1520	98	43	65	0	0	0	0	0	0	0	0	0	0	0	0	6101600	
360	1	C	7	N	2500	0	40	396	1087	60	37	76	0	0	0	0	0	0	0	0	0	0	0	0	6101710	
361	1	C	7	N	2500	0	40	63	138	46	1	5	0	0	0	0	0	0	0	0	0	0	0	0	6102271	
362	1	C	7	N	2500	0	40	222	265	11	7	24	0	0	0	0	0	0	0	0	0	0	0	0	6103831	
363	1	C	8	N	2500	6	40	25	30	2	3	7	0	0	0	0	0	0	0	0	0	0	0	0	6111228	
364	1	C	8	N	2500	0	40	220	605	36	60	178	0	0	0	0	0	0	0	0	0	0	0	0	6111742	
365	1	C	8	N	2500	0	40	252	1050	74	67	149	0	0	0	0	0	0	0	0	0	0	0	0	6112008	
366	1	C	8	N	2500	0	40	362	750	35	45	107	0	0	0	0	0	0	0	0	0	0	0	0	6112460	
367	1	C	8	N	2500	0	40	243	985	65	57	139	0	0	0	0	0	0	0	0	0	0	0	0	6113131	
368	1	C	8	N	2500	0	40	392	1071	66	51	123	0	0	0	0	0	0	0	0	0	0	0	0	6113614	
369	1	C	8	N	2500	0	40	274	1083	80	73	163	0	0	0	0	0	0	0	0	0	0	0	0	6113973	
370	1	C	8	N	2500	0	40	28	26	1	0	3	0	0	0	0	0	0	0	0	0	0	0	0	6114286	
371	1	C	8	N	2500	0	40	29	38	2	2	5	0	0	0	0	0	0	0	0	0	0	0	0	6114442	
372	1	C	8	N	2500	0	40	393	809	37	42	111	0	0	0	0	0	0	0	0	0	0	0	0	6117032	
373	1	C	8	N	2500	0	40	311	704	35	29	57	0	0	0	0	0	0	0	0	0	0	0	0	6117095	
374	1	C	8	N	2500	0	40	363	817	41	59	165	0	0	0	0	0	0	0	0	0	0	0	0	6117532	
375	1	C	8	N	2500	0	40	116	813	134	9	22	0	0	0	0	0	0	0	0	0	0	0	0	6118047	
376	1	C	8	N	2500	0	40	33	47	1	1	4	0	0	0	0	0	0	0	0	0	0	0	0	6118203	
377	1	C	9	N	2500	6	40	22	31	2	2	8	0	0	0	0	0	0	0	0	0	0	0	0	6127970	
378	1	C	9	N	2500	0	40	31	66	24	29	35	0	0	0	0	0	0	0	0	0	0	0	0	6129173	
379	1	C	9	N	2500	0	40	304	907	106	55	132	0	0	0	0	0	0	0	0	0	0	0	0	6131623	
380	1	C	9	N	2500	0	40	373	1312	98	75	175	0	0	0	0	0	0	0	0	0	0	0	0	6132560	
381	1	C	10	N	2500	6	40	443	878	67	48	0	0	0	0	0	0	0	0	0	0	0	0	0	6139409	
382	1	C	10	N	2500	0	40	29	36	0	1	5	0	0	0	0	0	0	0	0	0	0	0	0	6139550	
383	1	C	10	N	2500	0	40	407	1037	56	50	134	0	0	0	0	0	0	0	0	0	0	0	0	6139768	
384	1	C	10	N	2500	0	40	345	719	34	26	62	0	0	0	0	0	0	0	0	0	0	0	0	6140314	
385	1	C	10	N	2500	0	40	273	1165	80	76	187	0	0	0	0	0	0	0	0	0	0	0	0	6140517	
386	1	C	10	N	2500	0	40	408	1133	87	71	180	0	0	0	0	0	0	0	0	0	0	0	0	6141047	
387	1	C	10	N	2500	0	40	23	28	1	2	3	0	0	0	0	0	0	0	0	0	0	0	0	6141672	
388	1	C	10	N	2500	0	40	30	27	1	2	7	0	0	0	0	0	0	0	0	0	0	0	0	6141766	
389	1	C	10	N	2500	0	40	22	33	2	3	3	0	0	0	0	0	0	0	0	0	0	0	0	6142093	
390	1	C	10	N	2500	0	40	29	60	16	22	24	0	0	0	0	0	0	0	0	0	0	0	0	6142249	
391	1	C	10	N	2500	0	40	21	30	1	3	7	0	0	0	0	0	0	0	0	0	0	0	0	6142561	
392	1	C	10	N	2500	0	40	336	1114	68	59	137	0	0	0	0	0	0	0	0	0	0	0	0	6142608	
393	1	C	10	N	2500	0	40	26	28	1	2	8	0	0	0	0	0	0	0	0	0	0	0	0	6143794	
394	1	C	10	N	2500	0	40	23	27	1	2	3	0	0	0	0	0	0	0	0	0	0	0	0	6144606	
395	1	C	10	N	2500	0	40	423	1154	77	68	169	0	0	0	0	0	0	0	0	0	0	0	0	6144918	
396	1	C	10	N	2500	0	40	338	1834	145	107	218	0	0	0	0	0	0	0	0	0	0	0	0	6145823	
397	1	C	10	N	2500	0	40	71	85	2	2	9	0	0	0	0	0	0	0	0	0	0	0	0	6146478	
398	1	C	10	N	2500	0	40	264	1184	83	44	59	0	0	0	0	0	0	0	0	0	0	0	0	6146556	
399	1	C	11	N	2500	6	40	387	1622	117	152	403	0	0	0	0	0	0	0	0	0	0	0	0	6154904	
400	1	C	11	N	2500	0	40	445	1325	90	70	163	0	0	0	0	0	0	0	0	0	0	0	0	6155138	
401	1	C	11	N	2500	0	40	431	1122	75	56	137	0	0	0	0	0	0	0	0	0	0	0	0	6157276	
402	1	C	11	N	2500	0	40	39	69	3	3	11	0	0	0	0	0	0	0	0	0	0	0	0	6157853	
403	1	C	11	N	2500	0	40	26	30	2	1	0	0	0	0	0	0	0	0	0	0	0	0	0	6157978	
404	1	C	11	N	2500	0	40	426	1049	65	59	168	0	0	0	0	0	0	0	0	0	0	0	0	6158649	
405	1	C	11	N	2500	0	40	431	1080	61	72	197	0	0	0	0	0	0	0	0	0	0	0	0	6158758	
406	1	C	11	N	2500	0	40	591	2164	167	168	424	0	0	0	0	0	0	0	0	0	0	0	0	6158852	
407	1	C	11	N	2500	0	40	287	1150	98	66	159	0	0	0	0	0	0	0	0	0	0	0	0	6159991	
408	1	C	11	N	2500	0	40	214	874	68	67	175	0	0	0	0	0	0	0	0	0	0	0	0	6161005	
409	1	C	11	N	2500	0	40	24	32	3	2	2	0	0	0	0	0	0	0	0	0	0	0	0	6161083	
410	1	C	11	N	2500	0	40	22	34	1	4	12	0	0	0	0	0	0	0	0	0	0	0	0	6161098	
411	1	C	12	N	2500	6	40	450	1406	81	29	31	0	0	0	0	0	0	0	0	0	0	0	0	6169524	
412	1	C	12	N	2500	0	40	20	26	2	2	5	0	0	0	0	0	0	0	0	0	0	0	0	6173690	
413	1	C	12	N	2500	0	40	25	34	1	3	8	0	0	0	0	0	0	0	0	0	0	0	0	6173862	
414	1	C	12	N	2500	0	40	43	51	1	7	29	0	0	0	0	0	0	0	0	0	0	0	0	6174534	
415	1	D	12	N	2500	6	40	486	1587	107	56	102	0	0	0	0	0	0	0	0	0	0	0	0	6182382	
416	1	D	12	N	2500	0	40	29	34	1	1	4	0	0	0	0	0	0	0	0	0	0	0	0	6182694	
417	1	D	12	N	2500	0	40	24	40	16	18	21	0	0	0	0	0	0	0	0	0	0	0	0	6185768	
418	1	D	12	N	2500	0	40	31	37	0	1	6	0	0	0	0	0	0	0	0	0	0	0	0	6186502	
419	1	D	12	N	2500	0	40	25	26	1	1	4	0	0	0	0	0	0	0	0	0	0	0	0	6186970	
420	1	D	12	N	2500	0	40	22	34	5	6	6	0	0	0	0	0	0	0	0	0	0	0	0	6188468	
421	1	D	12	N	2500	0	40	174	593	30	17	43	0	0	0	0	0	0	0	0	0	0	0	0	6188670	
422	1	D	12	N	2500	0	40	46	117	5	7	14	0	0	0	0	0	0	0	0	0	0	0	0	6188780	
423	1	D	12	N	2500	0	40	278	530	24	12	24	0	0	0	0	0	0	0	0	0	0	0	0	6189045	
424	1	D	12	N	2500	0	40	328	641	30	11	26	0	0	0	0	0	0	0	0	0	0	0	0	6189311	
425	1	D	12	N	2500	0	40	288	762	54	29	68	0	0	0	0	0	0	0	0	0	0	0	0	6189764	
426	1	D	11	N	2500	6	40	312	847	47	54	154	0	0	0	0	0	0	0	0	0	0	0	0	6196551	
427	1	D	11	N	2500	0	40	27	52	2	3	8	0	0	0	0	0	0	0	0	0	0	0	0	6196801	
428	1	D	11	N	2500	0	40	278	551	22	10	28	0	0	0	0	0	0	0	0	0	0	0	0	6197643	
429	1	D	11	N	2500	0	40	275	555	24	9	26	0	0	0	0	0	0	0	0	0	0	0	0	6198128	
430	1	D	11	N	2500	0	40	284	535	23	13	34	0	0	0	0	0	0	0	0	0	0	0	0	6199345	
431	1	D	11	N	2500	0	40	27	32	2	2	5	0	0	0	0	0	0	0	0	0	0	0	0	6199392	
432	1	D	11	N	2500	0	40	22	29	1	0	0	0	0	0	0	0	0	0	0	0	0	0	0	6199594	
433	1	D	11	N	2500	0	40	271	511	21	16	50	0	0	0	0	0	0	0	0	0	0	0	0	6199844	
434	1	D	11	N	2500	0	40	28	38	3	3	10	0	0	0	0	0	0	0	0	0	0	0	0	6200296	
435	1	D	11	N	2500	0	40	63	77	2	3	8	0	0	0	0	0	0	0	0	0	0	0	0	6200983	
436	1	D	11	N	2500	0	40	39	46	2	1	5	0	0	0	0	0	0	0	0	0	0	0	0	6201592	
437	1	D	11	N	2500	0	40	20	17	0	1	2	0	0	0	0	0	0	0	0	0	0	0	0	6201701	
438	1	D	11	N	2500	0	40	479	1165	64	29	45	0	0	0	0	0	0	0	0	0	0	0	0	6201717	
439	1	D	11	N	2500	0	40	272	500	25	11	30	0	0	0	0	0	0	0	0	0	0	0	0	6201733	
440	1	D	11	N	2500	0	40	33	32	1	2	7	0	0	0	0	0	0	0	0	0	0	0	0	6203324	
441	1	D	11	N	2500	0	40	179	379	19	13	35	0	0	0	0	0	0	0	0	0	0	0	0	6203449	
442	1	D	11	N	2500	0	40	271	478	26	10	23	0	0	0	0	0	0	0	0	0	0	0	0	6203542	
443	1	D	11	N	2500	0	40	319	618	31	32	87	0	0	0	0	0	0	0	0	0	0	0	0	6203573	
444	1	D	10	N	2500	6	40	22	23	1	3	10	0	0	0	0	0	0	0	0	0	0	0	0	6211329	
445	1	D	10	N	2500	0	40	223	647	31	17	36	0	0	0	0	0	0	0	0	0	0	0	0	6211781	
446	1	D	10	N	2500	0	40	25	22	1	1	1	0	0	0	0	0	0	0	0	0	0	0	0	6212296	
447	1	D	10	N	2500	0	40	20	20	1	2	3	0	0	0	0	0	0	0	0	0	0	0	0	6213529	
448	1	D	10	N	2500	0	40	266	506	32	13	33	0	0	0	0	0	0	0	0	0	0	0	0	6213623	
449	1	D	10	N	2500	0	40	22	22	0	0	0	0	0	0	0	0	0	0	0	0	0	0	0	6213951	
450	1	D	10	N	2500	0	40	34	33	1	1	7	0	0	0	0	0	0	0	0	0	0	0	0	6215963	
451	1	D	10	N	2500	0	40	50	48	1	2	7	0	0	0	0	0	0	0	0	0	0	0	0	6215963	
452	1	D	10	N	2500	0	40	22	19	1	1	2	0	0	0	0	0	0	0	0	0	0	0	0	6215963	
453	1	D	10	N	2500	0	40	20	22	0	0	2	0	0	0	0	0	0	0	0	0	0	0	0	6216618	
454	1	D	10	N	2500	0	40	22	23	0	1	5	0	0	0	0	0	0	0	0	0	0	0	0	6216634	
455	1	D	10	N	2500	0	40	240	664	42	40	127	0	0	0	0	0	0	0	0	0	0	0	0	6216649	
456	1	D	10	N	2500	0	40	49	60	4	4	11	0	0	0	0	0	0	0	0	0	0	0	0	6216868	
457	1	D	10	N	2500	0	40	33	48	2	1	4	0	0	0	0	0	0	0	0	0	0	0	0	6217445	
458	1	D	10	N	2500	0	40	22	26	0	1	4	0	0	0	0	0	0	0	0	0	0	0	0	6217445	
459	1	D	9	N	2500	6	40	301	509	29	21	56	0	0	0	0	0	0	0	0	0	0	0	0	6225794	
460	1	D	9	N	2500	0	40	20	21	1	2	7	0	0	0	0	0	0	0	0	0	0	0	0	6226012	
461	1	D	9	N	2500	0	40	289	557	31	23	70	0	0	0	0	0	0	0	0	0	0	0	0	6227307	
462	1	D	9	N	2500	0	40	27	25	1	7	30	0	0	0	0	0	0	0	0	0	0	0	0	6227463	
463	1	D	9	N	2500	0	40	307	612	24	13	29	0	0	0	0	0	0	0	0	0	0	0	0	6229273	
464	1	D	9	N	2500	0	40	293	540	21	10	23	0	0	0	0	0	0	0	0	0	0	0	0	6229366	
465	1	D	9	N	2500	0	40	386	718	76	24	70	0	0	0	0	0	0	0	0	0	0	0	0	6229990	
466	1	D	9	N	2500	0	40	318	594	29	18	54	0	0	0	0	0	0	0	0	0	0	0	0	6230380	
467	1	D	9	N	2500	0	40	265	484	21	7	15	0	0	0	0	0	0	0	0	0	0	0	0	6230848	
468	1	D	9	N	2500	0	40	28	35	2	2	7	0	0	0	0	0	0	0	0	0	0	0	0	6231099	
469	1	D	9	N	2500	0	40	266	485	23	13	35	0	0	0	0	0	0	0	0	0	0	0	0	6231395	
470	1	D	9	N	2500	0	40	21	32	1	1	4	0	0	0	0	0	0	0	0	0	0	0	0	6231770	
471	1	D	9	N	2500	0	40	24	20	0	1	4	0	0	0	0	0	0	0	0	0	0	0	0	6231801	
472	1	D	9	N	2500	0	40	75	268	33	10	15	0	0	0	0	0	0	0	0	0	0	0	0	6231817	
473	1	D	9	N	2500	0	40	21	21	0	0	3	0	0	0	0	0	0	0	0	0	0	0	0	6232331	
474	1	D	8	N	2500	6	40	249	378	22	13	49	0	0	0	0	0	0	0	0	0	0	0	0	6240086	
475	1	D	8	N	2500	0	40	26	35	2	3	7	0	0	0	0	0	0	0	0	0	0	0	0	6240773	
476	1	D	8	N	2500	0	40	287	557	26	24	56	0	0	0	0	0	0	0	0	0	0	0	0	6241194	
477	1	D	8	N	2500	0	40	230	352	11	8	20	0	0	0	0	0	0	0	0	0	0	0	0	6241366	
478	1	D	8	N	2500	0	40	35	34	2	2	8	0	0	0	0	0	0	0	0	0	0	0	0	6241584	
479	1	D	8	N	2500	0	40	183	597	31	23	58	0	0	0	0	0	0	0	0	0	0	0	0	6241787	
480	1	D	8	N	2500	0	40	27	35	1	3	11	0	0	0	0	0	0	0	0	0	0	0	0	6243224	
481	1	D	8	N	2500	0	40	300	607	30	31	97	0	0	0	0	0	0	0	0	0	0	0	0	6243396	
482	1	D	8	N	2500	0	40	316	520	25	128	344	0	0	0	0	0	0	0	0	0	0	0	0	6243879	
483	1	D	8	N	2500	0	40	284	537	35	10	28	0	0	0	0	0	0	0	0	0	0	0	0	6244191	
484	1	D	8	N	2500	0	40	34	76	4	7	16	0	0	0	0	0	0	0	0	0	0	0	0	6244254	
485	1	D	8	N	2500	0	40	242	428	20	22	71	0	0	0	0	0	0	0	0	0	0	0	0	6244379	
486	1	D	8	N	2500	0	40	23	25	1	1	7	0	0	0	0	0	0	0	0	0	0	0	0	6244550	
487	1	D	8	N	2500	0	40	300	491	23	6	10	0	0	0	0	0	0	0	0	0	0	0	0	6244801	
488	1	D	8	N	2500	0	40	21	28	3	2	6	0	0	0	0	0	0	0	0	0	0	0	0	6244941	
489	1	D	8	N	2500	0	40	280	538	21	9	18	0	0	0	0	0	0	0	0	0	0	0	0	6245815	
490	1	D	8	N	2500	0	40	20	25	2	2	4	0	0	0	0	0	0	0	0	0	0	0	0	6246580	
491	1	D	7	N	2500	6	40	272	429	17	10	30	0	0	0	0	0	0	0	0	0	0	0	0	6253976	
492	1	D	7	N	2500	0	40	207	529	34	22	46	0	0	0	0	0	0	0	0	0	0	0	0	6254631	
493	1	D	7	N	2500	0	40	46	63	2	1	5	0	0	0	0	0	0	0	0	0	0	0	0	6254787	
494	1	D	7	N	2500	0	40	20	21	0	0	2	0	0	0	0	0	0	0	0	0	0	0	0	6254974	
495	1	D	7	N	2500	0	40	267	493	26	11	29	0	0	0	0	0	0	0	0	0	0	0	0	6255443	
496	1	D	7	N	2500	0	40	256	458	23	19	59	0	0	0	0	0	0	0	0	0	0	0	0	6256941	
497	1	D	7	N	2500	0	40	31	66	2	2	3	0	0	0	0	0	0	0	0	0	0	0	0	6258736	
498	1	D	7	N	2500	0	40	252	466	22	7	18	0	0	0	0	0	0	0	0	0	0	0	0	6259516	
499	1	D	7	N	2500	0	40	142	932	58	44	62	0	0	0	0	0	0	0	0	0	0	0	0	6260093	
500	1	D	6	N	2500	6	40	28	51	9	10	12	0	0	0	0	0	0	0	0	0	0	0	0	6269814	
501	1	D	6	N	2500	0	40	205	574	29	17	37	0	0	0	0	0	0	0	0	0	0	0	0	6270329	
502	1	D	6	N	2500	0	40	303	587	26	23	77	0	0	0	0	0	0	0	0	0	0	0	0	6271640	
503	1	D	6	N	2500	0	40	282	520	20	22	63	0	0	0	0	0	0	0	0	0	0	0	0	6272092	
504	1	D	6	N	2500	0	40	297	552	27	30	92	0	0	0	0	0	0	0	0	0	0	0	0	6273231	
505	1	D	6	N	2500	0	40	328	744	44	54	149	0	0	0	0	0	0	0	0	0	0	0	0	6274073	
506	1	D	6	N	2500	0	40	201	308	17	21	69	0	0	0	0	0	0	0	0	0	0	0	0	6274479	
507	1	D	5	N	2500	6	40	291	536	25	31	105	0	0	0	0	0	0	0	0	0	0	0	0	6282454	
508	1	D	5	N	2500	0	40	290	450	19	22	88	0	0	0	0	0	0	0	0	0	0	0	0	6285230	
509	1	D	5	N	2500	0	40	108	322	16	9	23	0	0	0	0	0	0	0	0	0	0	0	0	6285464	
510	1	D	5	N	2500	0	40	23	25	3	2	2	0	0	0	0	0	0	0	0	0	0	0	0	6285683	
511	1	D	5	N	2500	0	40	23	30	1	1	5	0	0	0	0	0	0	0	0	0	0	0	0	6286962	
512	1	D	5	N	2500	0	40	224	650	31	29	83	0	0	0	0	0	0	0	0	0	0	0	0	6287882	
513	1	D	5	N	2500	0	40	274	365	19	75	242	0	0	0	0	0	0	0	0	0	0	0	0	6288023	
514	1	D	5	N	2500	0	40	331	700	31	68	237	0	0	0	0	0	0	0	0	0	0	0	0	6288788	
515	1	D	4	N	2500	6	40	300	558	24	21	60	0	0	0	0	0	0	0	0	0	0	0	0	6297869	
516	1	D	4	N	2500	0	40	30	43	1	4	13	0	0	0	0	0	0	0	0	0	0	0	0	6299461	
517	1	D	4	N	2500	0	40	21	21	1	2	7	0	0	0	0	0	0	0	0	0	0	0	0	6299975	
518	1	D	4	N	2500	0	40	331	694	41	39	119	0	0	0	0	0	0	0	0	0	0	0	0	6300756	
519	1	D	4	N	2500	0	40	216	291	9	10	35	0	0	0	0	0	0	0	0	0	0	0	0	6301443	
520	1	D	4	N	2500	0	40	339	553	22	28	78	0	0	0	0	0	0	0	0	0	0	0	0	6301536	
521	1	D	4	N	2500	0	40	199	533	26	26	69	0	0	0	0	0	0	0	0	0	0	0	0	6301568	
522	1	D	4	N	2500	0	40	215	549	26	32	84	0	0	0	0	0	0	0	0	0	0	0	0	6302145	
523	1	D	4	N	2500	0	40	243	318	12	74	233	0	0	0	0	0	0	0	0	0	0	0	0	6303285	
524	1	D	3	N	2500	6	40	50	50	1	2	4	0	0	0	0	0	0	0	0	0	0	0	0	6310853	
525	1	D	3	N	2500	0	40	29	57	3	4	8	0	0	0	0	0	0	0	0	0	0	0	0	6311539	
526	1	D	3	N	2500	0	40	119	178	7	5	14	0	0	0	0	0	0	0	0	0	0	0	0	6312570	
527	1	D	3	N	2500	0	40	202	404	21	32	92	0	0	0	0	0	0	0	0	0	0	0	0	6312570	
528	1	D	3	N	2500	0	40	353	675	53	38	105	0	0	0	0	0	0	0	0	0	0	0	0	6312585	
529	1	D	3	N	2500	0	40	23	25	1	2	4	0	0	0	0	0	0	0	0	0	0	0	0	6312710	
530	1	D	3	N	2500	0	40	42	101	6	9	19	0	0	0	0	0	0	0	0	0	0	0	0	6312710	
531	1	D	3	N	2500	0	40	321	596	21	14	34	0	0	0	0	0	0	0	0	0	0	0	0	6313084	
532	1	D	3	N	2500	0	40	22	34	2	3	6	0	0	0	0	0	0	0	0	0	0	0	0	6313116	
533	1	D	3	N	2500	0	40	28	54	18	21	24	0	0	0	0	0	0	0	0	0	0	0	0	6313833	
534	1	D	3	N	2500	0	40	44	103	143	352	352	0	0	0	0	0	0	0	0	0	0	0	0	6315628	
535	1	D	3	N	2500	0	40	294	534	23	26	85	0	0	0	0	0	0	0	0	0	0	0	0	6315675	
536	1	D	3	N	2500	0	40	34	45	3	4	8	0	0	0	0	0	0	0	0	0	0	0	0	6315784	
537	1	D	2	N	2500	6	40	262	371	12	44	163	0	0	0	0	0	0	0	0	0	0	0	0	6325100	
538	1	D	2	N	2500	0	40	194	566	26	14	25	0	0	0	0	0	0	0	0	0	0	0	0	6328455	
539	1	D	2	N	2500	0	40	293	516	24	34	114	0	0	0	0	0	0	0	0	0	0	0	0	6328455	
540	1	D	2	N	2500	0	40	181	347	8	16	54	0	0	0	0	0	0	0	0	0	0	0	0	6328470	
541	1	D	2	N	2500	0	40	105	171	5	20	71	0	0	0	0	0	0	0	0	0	0	0	0	6328751	
542	1	D	2	N	2500	0	40	317	577	27	24	68	0	0	0	0	0	0	0	0	0	0	0	0	6329781	
543	1	D	2	N	2500	0	40	275	598	30	19	50	0	0	0	0	0	0	0	0	0	0	0	0	6330810	
544	1	D	2	N	2500	0	40	303	531	21	12	23	0	0	0	0	0	0	0	0	0	0	0	0	6330826	
545	1	D	2	N	2500	0	40	247	484	26	27	81	0	0	0	0	0	0	0	0	0	0	0	0	6331372	
546	1	D	2	N	2500	0	40	306	503	17	18	51	0	0	0	0	0	0	0	0	0	0	0	0	6331668	
547	1	D	2	N	2500	0	40	235	373	16	21	72	0	0	0	0	0	0	0	0	0	0	0	0	6331809	
548	1	D	1	N	2500	6	40	311	639	31	39	115	0	0	0	0	0	0	0	0	0	0	0	0	6339300	
549	1	D	1	N	2500	0	40	302	915	45	69	221	0	0	0	0	0	0	0	0	0	0	0	0	6340033	
550	1	D	1	N	2500	0	40	273	879	45	70	226	0	0	0	0	0	0	0	0	0	0	0	0	6341593	
551	1	D	1	N	2500	0	40	22	24	1	1	5	0	0	0	0	0	0	0	0	0	0	0	0	6343683	
552	1	D	1	N	2500	0	40	256	412	12	32	101	0	0	0	0	0	0	0	0	0	0	0	0	6344760	
553	1	D	1	N	2500	0	40	355	700	36	37	120	0	0	0	0	0	0	0	0	0	0	0	0	6345712	
554	1	D	1	N	2500	0	40	370	592	24	39	122	0	0	0	0	0	0	0	0	0	0	0	0	6345806	
555	1	D	1	N	2500	0	40	303	597	23	14	27	0	0	0	0	0	0	0	0	0	0	0	0	6345946	
556	1	E	1	N	2500	6	40	20	21	1	4	11	0	0	0	0	0	0	0	0	0	0	0	0	6353701	
557	1	E	1	N	2500	0	40	114	236	7	10	34	0	0	0	0	0	0	0	0	0	0	0	0	6354559	
558	1	E	1	N	2500	0	40	173	313	11	18	64	0	0	0	0	0	0	0	0	0	0	0	0	6354934	
559	1	E	1	N	2500	0	40	198	242	6	11	41	0	0	0	0	0	0	0	0	0	0	0	0	6355152	
560	1	E	1	N	2500	0	40	196	220	11	14	43	0	0	0	0	0	0	0	0	0	0	0	0	6356119	
561	1	E	1	N	2500	0	40	207	251	9	7	24	0	0	0	0	0	0	0	0	0	0	0	0	6356135	
562	1	E	1	N	2500	0	40	113	212	7	6	20	0	0	0	0	0	0	0	0	0	0	0	0	6358226	
563	1	E	1	N	2500	0	40	26	39	4	7	12	0	0	0	0	0	0	0	0	0	0	0	0	6359209	
564	1	E	1	N	2500	0	40	346	652	28	109	391	0	0	0	0	0	0	0	0	0	0	0	0	6359755	
565	1	E	2	N	2500	6	40	252	397	20	17	57	0	0	0	0	0	0	0	0	0	0	0	0	6368962	
566	1	E	2	N	2500	0	40	102	122	4	14	56	0	0	0	0	0	0	0	0	0	0	0	0	6370196	
567	1	E	2	N	2500	0	40	26	43	9	10	13	0	0	0	0	0	0	0	0	0	0	0	0	6370617	
568	1	E	2	N	2500	0	40	209	264	8	7	27	0	0	0	0	0	0	0	0	0	0	0	0	6370648	
569	1	E	2	N	2500	0	40	265	396	15	14	44	0	0	0	0	0	0	0	0	0	0	0	0	6373020	
570	1	E	2	N	2500	0	40	194	244	9	20	73	0	0	0	0	0	0	0	0	0	0	0	0	6373207	
571	1	E	2	N	2500	0	40	115	268	6	5	16	0	0	0	0	0	0	0	0	0	0	0	0	6374143	
572	1	E	3	N	2500	6	40	22	54	18	22	30	0	0	0	0	0	0	0	0	0	0	0	0	6381259	
573	1	E	3	N	2500	0	40	37	44	4	5	10	0	0	0	0	0	0	0	0	0	0	0	0	6382179	
574	1	E	3	N	2500	0	40	222	269	11	10	32	0	0	0	0	0	0	0	0	0	0	0	0	6382367	
575	1	E	3	N	2500	0	40	221	376	15	17	44	0	0	0	0	0	0	0	0	0	0	0	0	6384255	
576	1	E	3	N	2500	0	40	238	384	15	16	52	0	0	0	0	0	0	0	0	0	0	0	0	6386392	
577	1	E	3	N	2500	0	40	240	378	17	12	39	0	0	0	0	0	0	0	0	0	0	0	0	6386486	
578	1	E	3	N	2500	0	40	20	42	1	13	49	0	0	0	0	0	0	0	0	0	0	0	0	6387937	
579	1	E	3	N	2500	0	40	34	29	2	1	4	0	0	0	0	0	0	0	0	0	0	0	0	6388062	
580	1	E	3	N	2500	0	40	31	26	1	3	8	0	0	0	0	0	0	0	0	0	0	0	0	6388062	
581	1	E	3	N	2500	0	40	20	21	1	2	5	0	0	0	0	0	0	0	0	0	0	0	0	6388389	
582	1	E	4	N	2500	6	40	161	211	11	6	15	0	0	0	0	0	0	0	0	0	0	0	0	6395552	
583	1	E	4	N	2500	0	40	232	346	16	11	29	0	0	0	0	0	0	0	0	0	0	0	0	6396754	
584	1	E	4	N	2500	0	40	30	61	20	24	31	0	0	0	0	0	0	0	0	0	0	0	0	6397393	
585	1	E	4	N	2500	0	40	32	50	3	5	19	0	0	0	0	0	0	0	0	0	0	0	0	6397674	
586	1	E	4	N	2500	0	40	23	39	14	15	17	0	0	0	0	0	0	0	0	0	0	0	0	6400326	
587	1	E	5	N	2500	6	40	20	25	2	2	6	0	0	0	0	0	0	0	0	0	0	0	0	6410282	
588	1	E	5	N	2500	0	40	137	144	4	4	16	0	0	0	0	0	0	0	0	0	0	0	0	6411811	
589	1	E	5	N	2500	0	40	99	191	4	4	16	0	0	0	0	0	0	0	0	0	0	0	0	6414245	
590	1	E	5	N	2500	0	40	26	32	1	4	11	0	0	0	0	0	0	0	0	0	0	0	0	6414245	
591	1	E	5	N	2500	0	40	176	207	8	6	23	0	0	0	0	0	0	0	0	0	0	0	0	6414323	
592	1	E	5	N	2500	0	40	103	169	6	8	29	0	0	0	0	0	0	0	0	0	0	0	0	6415649	
593	1	E	5	N	2500	0	40	21	21	1	2	6	0	0	0	0	0	0	0	0	0	0	0	0	6416117	
594	1	E	5	N	2500	0	40	154	218	9	7	25	0	0	0	0	0	0	0	0	0	0	0	0	6416180	
595	1	E	5	N	2500	0	40	22	23	1	2	8	0	0	0	0	0	0	0	0	0	0	0	0	6416195	
596	1	E	5	N	2500	0	40	53	56	10	12	14	0	0	0	0	0	0	0	0	0	0	0	0	6416383	
597	1	E	6	N	2500	6	40	151	211	4	3	13	0	0	0	0	0	0	0	0	0	0	0	0	6424450	
598	1	E	6	N	2500	0	40	56	79	0	2	8	0	0	0	0	0	0	0	0	0	0	0	0	6427508	
599	1	E	6	N	2500	0	40	32	54	15	8	6	0	0	0	0	0	0	0	0	0	0	0	0	6428710	
600	1	E	6	N	2500	0	40	155	207	4	6	20	0	0	0	0	0	0	0	0	0	0	0	0	6429522	
601	1	E	6	N	2500	0	40	104	376	15	15	37	0	0	0	0	0	0	0	0	0	0	0	0	6429631	
602	1	E	6	N	2500	0	40	92	169	6	4	14	0	0	0	0	0	0	0	0	0	0	0	0	6430428	
603	1	E	7	N	2500	6	40	241	421	19	39	138	0	0	0	0	0	0	0	0	0	0	0	0	6439197	
604	1	E	7	N	2500	0	40	244	276	11	22	83	0	0	0	0	0	0	0	0	0	0	0	0	6439213	
605	1	E	7	N	2500	0	40	20	25	1	3	7	0	0	0	0	0	0	0	0	0	0	0	0	6439977	
606	1	E	7	N	2500	0	40	24	23	0	0	1	0	0	0	0	0	0	0	0	0	0	0	0	6440835	
607	1	E	7	N	2500	0	40	27	33	0	3	11	0	0	0	0	0	0	0	0	0	0	0	0	6443504	
608	1	E	7	N	2500	0	40	25	29	1	2	6	0	0	0	0	0	0	0	0	0	0	0	0	6443769	
609	1	E	7	N	2500	0	40	252	448	24	19	59	0	0	0	0	0	0	0	0	0	0	0	0	6443769	
610	1	E	7	N	2500	0	40	26	48	14	18	21	0	0	0	0	0	0	0	0	0	0	0	0	6444550	
611	1	E	7	N	2500	0	40	34	32	1	1	3	0	0	0	0	0	0	0	0	0	0	0	0	6444550	
612	1	E	7	N	2500	0	40	60	69	3	6	9	0	0	0	0	0	0	0	0	0	0	0	0	6444987	
613	1	E	8	N	2500	6	40	26	24	1	1	4	0	0	0	0	0	0	0	0	0	0	0	0	6452148	
614	1	E	8	N	2500	0	40	20	17	0	1	5	0	0	0	0	0	0	0	0	0	0	0	0	6453380	
615	1	E	8	N	2500	0	40	201	483	24	26	71	0	0	0	0	0	0	0	0	0	0	0	0	6454597	
616	1	E	8	N	2500	0	40	357	655	46	28	80	0	0	0	0	0	0	0	0	0	0	0	0	6454706	
617	1	E	8	N	2500	0	40	258	455	20	16	55	0	0	0	0	0	0	0	0	0	0	0	0	6455330	
618	1	E	8	N	2500	0	40	272	504	25	16	37	0	0	0	0	0	0	0	0	0	0	0	0	6455705	
619	1	E	8	N	2500	0	40	23	25	0	1	4	0	0	0	0	0	0	0	0	0	0	0	0	6456110	
620	1	E	8	N	2500	0	40	259	431	23	18	56	0	0	0	0	0	0	0	0	0	0	0	0	6457624	
621	1	E	8	N	2500	0	40	21	33	9	12	10	0	0	0	0	0	0	0	0	0	0	0	0	6458606	
622	1	E	8	N	2500	0	40	91	217	5	3	10	0	0	0	0	0	0	0	0	0	0	0	0	6458825	
623	1	E	9	N	2500	6	40	63	113	6	5	12	0	0	0	0	0	0	0	0	0	0	0	0	6469217	
624	1	E	9	N	2500	0	40	20	19	1	1	6	0	0	0	0	0	0	0	0	0	0	0	0	6469389	
625	1	E	9	N	2500	0	40	282	516	25	14	32	0	0	0	0	0	0	0	0	0	0	0	0	6470013	
626	1	E	9	N	2500	0	40	274	529	22	11	33	0	0	0	0	0	0	0	0	0	0	0	0	6470325	
627	1	E	9	N	2500	0	40	24	23	1	1	5	0	0	0	0	0	0	0	0	0	0	0	0	6471153	
628	1	E	9	N	2500	0	40	272	463	21	12	29	0	0	0	0	0	0	0	0	0	0	0	0	6471371	
629	1	E	9	N	2500	0	40	156	358	22	14	37	0	0	0	0	0	0	0	0	0	0	0	0	6471512	
630	1	E	9	N	2500	0	40	235	414	20	36	114	0	0	0	0	0	0	0	0	0	0	0	0	6472744	
631	1	E	9	N	2500	0	40	39	51	3	4	10	0	0	0	0	0	0	0	0	0	0	0	0	6473446	
632	1	E	10	N	2500	6	40	222	383	22	15	40	0	0	0	0	0	0	0	0	0	0	0	0	6481310	
633	1	E	10	N	2500	0	40	37	86	24	29	34	0	0	0	0	0	0	0	0	0	0	0	0	6481482	
634	1	E	10	N	2500	0	40	219	290	9	9	34	0	0	0	0	0	0	0	0	0	0	0	0	6482652	
635	1	E	10	N	2500	0	40	221	334	17	12	38	0	0	0	0	0	0	0	0	0	0	0	0	6482714	
636	1	E	10	N	2500	0	40	257	490	18	6	11	0	0	0	0	0	0	0	0	0	0	0	0	6483433	
637	1	E	11	N	2500	6	40	22	25	1	1	4	0	0	0	0	0	0	0	0	0	0	0	0	6495214	
638	1	E	11	N	2500	0	40	31	57	3	3	7	0	0	0	0	0	0	0	0	0	0	0	0	6496525	
639	1	E	11	N	2500	0	40	273	548	22	20	59	0	0	0	0	0	0	0	0	0	0	0	0	6497773	
640	1	E	11	N	2500	0	40	282	567	30	16	44	0	0	0	0	0	0	0	0	0	0	0	0	6499849	
641	1	E	11	N	2500	0	40	21	29	1	1	2	0	0	0	0	0	0	0	0	0	0	0	0	6500489	
642	1	E	11	N	2500	0	40	288	537	21	10	27	0	0	0	0	0	0	0	0	0	0	0	0	6500676	
643	1	E	11	N	2500	0	40	20	24	2	2	5	0	0	0	0	0	0	0	0	0	0	0	0	6502330	
644	1	E	12	N	2500	6	40	280	652	11	19	65	0	0	0	0	0	0	0	0	0	0	0	0	6509149	
645	1	E	12	N	2500	0	40	310	618	43	23	68	0	0	0	0	0	0	0	0	0	0	0	0	6509570	
646	1	E	12	N	2500	0	40	28	25	2	2	4	0	0	0	0	0	0	0	0	0	0	0	0	6510866	
647	1	E	12	N	2500	0	40	348	689	33	18	44	0	0	0	0	0	0	0	0	0	0	0	0	6510959	
648	1	E	12	N	2500	0	40	352	938	78	53	145	0	0	0	0	0	0	0	0	0	0	0	0	6512270	
649	1	E	12	N	2500	0	40	34	35	2	2	7	0	0	0	0	0	0	0	0	0	0	0	0	6512317	
650	1	E	12	N	2500	0	40	376	578	31	26	78	0	0	0	0	0	0	0	0	0	0	0	0	6513580	
651	1	E	12	N	2500	0	40	490	1606	121	95	249	0	0	0	0	0	0	0	0	0	0	0	0	6513643	
652	1	E	12	N	2500	0	40	284	542	22	11	30	0	0	0	0	0	0	0	0	0	0	0	0	6513752	
653	1	E	12	N	2500	0	40	21	28	1	2	7	0	0	0	0	0	0	0	0	0	0	0	0	6513814	
654	1	E	12	N	2500	0	40	390	916	52	41	104	0	0	0	0	0	0	0	0	0	0	0	0	6514095	
655	1	E	12	N	2500	0	40	27	37	1	2	5	0	0	0	0	0	0	0	0	0	0	0	0	6514220	
656	1	E	12	N	2500	0	40	272	534	26	12	30	0	0	0	0	0	0	0	0	0	0	0	0	6514407	
657	1	E	12	N	2500	0	40	301	582	30	12	21	0	0	0	0	0	0	0	0	0	0	0	0	6515780	
658	1	E	12	N	2500	0	40	381	960	61	50	129	0	0	0	0	0	0	0	0	0	0	0	0	6516249	
659	1	F	12	N	2500	6	40	26	27	2	4	9	0	0	0	0	0	0	0	0	0	0	0	0	6523396	
660	1	F	12	N	2500	0	40	40	42	1	1	2	0	0	0	0	0	0	0	0	0	0	0	0	6525268	
661	1	F	12	N	2500	0	40	71	124	15	2	8	0	0	0	0	0	0	0	0	0	0	0	0	6527639	
662	1	F	12	N	2500	0	40	76	177	8	10	22	0	0	0	0	0	0	0	0	0	0	0	0	6528357	
663	1	F	12	N	2500	0	40	24	31	1	2	4	0	0	0	0	0	0	0	0	0	0	0	0	6528513	
664	1	F	12	N	2500	0	40	414	1104	65	73	219	0	0	0	0	0	0	0	0	0	0	0	0	6529293	
665	1	F	12	N	2500	0	40	317	693	36	16	29	0	0	0	0	0	0	0	0	0	0	0	0	6530261	
666	1	F	11	N	2500	6	40	21	27	2	4	11	0	0	0	0	0	0	0	0	0	0	0	0	6539045	
667	1	F	11	N	2500	0	40	143	244	11	15	38	0	0	0	0	0	0	0	0	0	0	0	0	6539092	
668	1	F	11	N	2500	0	40	28	23	0	2	7	0	0	0	0	0	0	0	0	0	0	0	0	6539092	
669	1	F	11	N	2500	0	40	31	53	7	12	20	0	0	0	0	0	0	0	0	0	0	0	0	6540700	
670	1	F	11	N	2500	0	40	427	818	69	20	46	0	0	0	0	0	0	0	0	0	0	0	0	6540700	
671	1	F	11	N	2500	0	40	91	112	4	5	15	0	0	0	0	0	0	0	0	0	0	0	0	6540903	
672	1	F	11	N	2500	0	40	28	39	2	3	6	0	0	0	0	0	0	0	0	0	0	0	0	6541932	
673	1	F	11	N	2500	0	40	266	480	22	11	24	0	0	0	0	0	0	0	0	0	0	0	0	6543322	
674	1	F	11	N	2500	0	40	26	29	1	1	3	0	0	0	0	0	0	0	0	0	0	0	0	6543431	
675	1	F	11	N	2500	0	40	312	676	38	27	76	0	0	0	0	0	0	0	0	0	0	0	0	6543759	
676	1	F	11	N	2500	0	40	244	363	17	9	27	0	0	0	0	0	0	0	0	0	0	0	0	6544273	
677	1	F	11	N	2500	0	40	288	584	25	14	32	0	0	0	0	0	0	0	0	0	0	0	0	6544663	
678	1	F	11	N	2500	0	40	20	41	1	2	4	0	0	0	0	0	0	0	0	0	0	0	0	6544944	
679	1	F	10	N	2500	6	40	34	34	2	2	7	0	0	0	0	0	0	0	0	0	0	0	0	6551778	
680	1	F	10	N	2500	0	40	26	23	1	4	15	0	0	0	0	0	0	0	0	0	0	0	0	6551965	
681	1	F	10	N	2500	0	40	328	835	63	51	148	0	0	0	0	0	0	0	0	0	0	0	0	6553324	
682	1	F	10	N	2500	0	40	28	31	1	2	4	0	0	0	0	0	0	0	0	0	0	0	0	6553651	
683	1	F	10	N	2500	0	40	42	79	4	3	6	0	0	0	0	0	0	0	0	0	0	0	0	6556602	
684	1	F	10	N	2500	0	40	22	21	1	1	3	0	0	0	0	0	0	0	0	0	0	0	0	6557522	
685	1	F	10	N	2500	0	40	54	73	13	2	7	0	0	0	0	0	0	0	0	0	0	0	0	6559161	
686	1	F	10	N	2500	0	40	328	443	23	15	45	0	0	0	0	0	0	0	0	0	0	0	0	6559301	
687	1	F	9	N	2500	6	40	23	36	1	0	2	0	0	0	0	0	0	0	0	0	0	0	0	6567525	
688	1	F	9	N	2500	0	40	23	24	1	1	2	0	0	0	0	0	0	0	0	0	0	0	0	6568024	
689	1	F	9	N	2500	0	40	280	598	41	24	68	0	0	0	0	0	0	0	0	0	0	0	0	6568273	
690	1	F	9	N	2500	0	40	297	518	31	39	141	0	0	0	0	0	0	0	0	0	0	0	0	6568554	
691	1	F	9	N	2500	0	40	23	41	2	2	5	0	0	0	0	0	0	0	0	0	0	0	0	6570067	
692	1	F	9	N	2500	0	40	257	476	22	15	41	0	0	0	0	0	0	0	0	0	0	0	0	6570520	
693	1	F	9	N	2500	0	40	20	19	0	0	1	0	0	0	0	0	0	0	0	0	0	0	0	6571081	
694	1	F	9	N	2500	0	40	20	19	0	0	2	0	0	0	0	0	0	0	0	0	0	0	0	6571362	
695	1	F	9	N	2500	0	40	22	26	1	2	6	0	0	0	0	0	0	0	0	0	0	0	0	6572173	
696	1	F	9	N	2500	0	40	114	189	8	12	26	0	0	0	0	0	0	0	0	0	0	0	0	6572173	
697	1	F	9	N	2500	0	40	20	21	1	1	1	0	0	0	0	0	0	0	0	0	0	0	0	6572439	
698	1	F	9	N	2500	0	40	25	31	1	2	6	0	0	0	0	0	0	0	0	0	0	0	0	6572719	
699	1	F	9	N	2500	0	40	21	23	1	2	5	0	0	0	0	0	0	0	0	0	0	0	0	6573047	
700	1	F	8	N	2500	6	40	24	31	2	2	5	0	0	0	0	0	0	0	0	0	0	0	0	6580288	
701	1	F	8	N	2500	0	40	233	532	27	19	47	0	0	0	0	0	0	0	0	0	0	0	0	6580725	
702	1	F	8	N	2500	0	40	24	22	1	1	2	0	0	0	0	0	0	0	0	0	0	0	0	6580725	
703	1	F	8	N	2500	0	40	261	467	18	11	30	0	0	0	0	0	0	0	0	0	0	0	0	6580772	
704	1	F	8	N	2500	0	40	47	46	1	1	2	0	0	0	0	0	0	0	0	0	0	0	0	6581505	
705	1	F	8	N	2500	0	40	179	346	18	14	41	0	0	0	0	0	0	0	0	0	0	0	0	6582597	
706	1	F	8	N	2500	0	40	241	381	17	13	41	0	0	0	0	0	0	0	0	0	0	0	0	6583206	
707	1	F	8	N	2500	0	40	265	527	22	12	40	0	0	0	0	0	0	0	0	0	0	0	0	6583783	
708	1	F	8	N	2500	0	40	282	566	27	10	16	0	0	0	0	0	0	0	0	0	0	0	0	6583830	
709	1	F	8	N	2500	0	40	118	272	24	26	49	0	0	0	0	0	0	0	0	0	0	0	0	6585422	
710	1	F	8	N	2500	0	40	98	186	8	6	12	0	0	0	0	0	0	0	0	0	0	0	0	6585422	
711	1	F	8	N	2500	0	40	268	447	21	11	32	0	0	0	0	0	0	0	0	0	0	0	0	6585703	
712	1	F	8	N	2500	0	40	227	329	15	19	64	0	0	0	0	0	0	0	0	0	0	0	0	6586046	
713	1	F	8	N	2500	0	40	285	566	22	10	17	0	0	0	0	0	0	0	0	0	0	0	0	6586529	
714	1	F	8	N	2500	0	40	31	44	2	1	5	0	0	0	0	0	0	0	0	0	0	0	0	6586904	
715	1	F	8	N	2500	0	40	31	38	1	1	5	0	0	0	0	0	0	0	0	0	0	0	0	6586997	
716	1	F	7	N	2500	6	40	275	355	16	15	49	0	0	0	0	0	0	0	0	0	0	0	0	6596859	
717	1	F	7	N	2500	0	40	22	25	1	2	5	0	0	0	0	0	0	0	0	0	0	0	0	6597858	
718	1	F	7	N	2500	0	40	257	446	20	14	32	0	0	0	0	0	0	0	0	0	0	0	0	6598420	
719	1	F	7	N	2500	0	40	50	78	5	6	16	0	0	0	0	0	0	0	0	0	0	0	0	6598778	
720	1	F	7	N	2500	0	40	32	34	1	0	2	0	0	0	0	0	0	0	0	0	0	0	0	6599044	
721	1	F	7	N	2500	0	40	226	362	15	8	23	0	0	0	0	0	0	0	0	0	0	0	0	6600121	
722	1	F	7	N	2500	0	40	270	509	20	7	24	0	0	0	0	0	0	0	0	0	0	0	0	6600277	
723	1	F	7	N	2500	0	40	273	668	38	18	31	0	0	0	0	0	0	0	0	0	0	0	0	6600324	
724	1	F	7	N	2500	0	40	265	458	25	11	24	0	0	0	0	0	0	0	0	0	0	0	0	6600839	
725	1	F	7	N	2500	0	40	46	85	4	4	9	0	0	0	0	0	0	0	0	0	0	0	0	6601088	
726	1	F	7	N	2500	0	40	36	64	5	6	11	0	0	0	0	0	0	0	0	0	0	0	0	6601525	
727	1	F	6	N	2500	6	40	215	312	12	11	32	0	0	0	0	0	0	0	0	0	0	0	0	6609109	
728	1	F	6	N	2500	0	40	197	260	8	14	48	0	0	0	0	0	0	0	0	0	0	0	0	6610357	
729	1	F	6	N	2500	0	40	28	47	2	3	6	0	0	0	0	0	0	0	0	0	0	0	0	6611885	
730	1	F	6	N	2500	0	40	20	20	1	1	4	0	0	0	0	0	0	0	0	0	0	0	0	6614585	
731	1	F	5	N	2500	6	40	24	21	1	1	3	0	0	0	0	0	0	0	0	0	0	0	0	6623995	
732	1	F	5	N	2500	0	40	187	206	5	8	33	0	0	0	0	0	0	0	0	0	0	0	0	6627632	
733	1	F	5	N	2500	0	40	226	341	13	12	36	0	0	0	0	0	0	0	0	0	0	0	0	6628084	
734	1	F	5	N	2500	0	40	254	442	19	19	62	0	0	0	0	0	0	0	0	0	0	0	0	6628131	
735	1	F	5	N	2500	0	40	248	624	14	33	103	0	0	0	0	0	0	0	0	0	0	0	0	6628178	
736	1	F	5	N	2500	0	40	206	274	10	8	29	0	0	0	0	0	0	0	0	0	0	0	0	6629270	
737	1	F	5	N	2500	0	40	22	24	1	1	3	0	0	0	0	0	0	0	0	0	0	0	0	6629488	
738	1	F	5	N	2500	0	40	187	254	8	6	20	0	0	0	0	0	0	0	0	0	0	0	0	6629519	
739	1	F	5	N	2500	0	40	32	53	11	13	12	0	0	0	0	0	0	0	0	0	0	0	0	6629566	
740	1	F	5	N	2500	0	40	30	55	10	13	17	0	0	0	0	0	0	0	0	0	0	0	0	6629863	
741	1	F	5	N	2500	0	40	281	429	21	16	53	0	0	0	0	0	0	0	0	0	0	0	0	6629894	
742	1	F	5	N	2500	0	40	23	26	2	1	5	0	0	0	0	0	0	0	0	0	0	0	0	6630065	
743	1	F	4	N	2500	6	40	243	381	18	9	30	0	0	0	0	0	0	0	0	0	0	0	0	6640925	
744	1	F	4	N	2500	0	40	21	35	7	9	11	0	0	0	0	0	0	0	0	0	0	0	0	6641128	
745	1	F	4	N	2500	0	40	256	437	24	14	39	0	0	0	0	0	0	0	0	0	0	0	0	6641845	
746	1	F	4	N	2500	0	40	165	332	8	16	50	0	0	0	0	0	0	0	0	0	0	0	0	6642548	
747	1	F	4	N	2500	0	40	167	180	4	5	20	0	0	0	0	0	0	0	0	0	0	0	0	6642860	
748	1	F	4	N	2500	0	40	24	45	6	12	24	0	0	0	0	0	0	0	0	0	0	0	0	6643266	
749	1	F	4	N	2500	0	40	25	24	1	2	4	0	0	0	0	0	0	0	0	0	0	0	0	6643812	
750	1	F	4	N	2500	0	40	234	379	17	11	29	0	0	0	0	0	0	0	0	0	0	0	0	6644358	
751	1	F	3	N	2500	6	40	82	131	5	7	23	0	0	0	0	0	0	0	0	0	0	0	0	6651458	
752	1	F	3	N	2500	0	40	158	206	6	4	9	0	0	0	0	0	0	0	0	0	0	0	0	6652207	
753	1	F	3	N	2500	0	40	22	24	1	1	2	0	0	0	0	0	0	0	0	0	0	0	0	6653143	
754	1	F	3	N	2500	0	40	47	71	4	6	17	0	0	0	0	0	0	0	0	0	0	0	0	6653143	
755	1	F	3	N	2500	0	40	21	36	1	2	5	0	0	0	0	0	0	0	0	0	0	0	0	6653424	
756	1	F	3	N	2500	0	40	23	21	0	0	0	0	0	0	0	0	0	0	0	0	0	0	0	6653892	
757	1	F	3	N	2500	0	40	26	29	1	2	4	0	0	0	0	0	0	0	0	0	0	0	0	6654797	
758	1	F	3	N	2500	0	40	21	22	1	3	8	0	0	0	0	0	0	0	0	0	0	0	0	6655219	
759	1	F	3	N	2500	0	40	171	266	6	8	25	0	0	0	0	0	0	0	0	0	0	0	0	6655281	
760	1	F	3	N	2500	0	40	22	22	1	4	9	0	0	0	0	0	0	0	0	0	0	0	0	6655655	
761	1	F	3	N	2500	0	40	25	30	1	2	3	0	0	0	0	0	0	0	0	0	0	0	0	6657201	
762	1	F	3	N	2500	0	40	142	204	6	2	8	0	0	0	0	0	0	0	0	0	0	0	0	6657372	
763	1	F	2	N	2500	6	40	247	417	20	13	37	0	0	0	0	0	0	0	0	0	0	0	0	6667468	
764	1	F	2	N	2500	0	40	24	37	11	14	14	0	0	0	0	0	0	0	0	0	0	0	0	6667624	
765	1	F	2	N	2500	0	40	309	480	34	19	71	0	0	0	0	0	0	0	0	0	0	0	0	6668700	
766	1	F	2	N	2500	0	40	120	276	9	7	26	0	0	0	0	0	0	0	0	0	0	0	0	6669247	
767	1	F	2	N	2500	0	40	229	342	15	10	40	0	0	0	0	0	0	0	0	0	0	0	0	6669918	
768	1	F	2	N	2500	0	40	271	433	24	15	46	0	0	0	0	0	0	0	0	0	0	0	0	6670012	
769	1	F	2	N	2500	0	40	29	60	17	21	22	0	0	0	0	0	0	0	0	0	0	0	0	6670183	
770	1	F	2	N	2500	0	40	197	265	7	9	26	0	0	0	0	0	0	0	0	0	0	0	0	6670417	
771	1	F	2	N	2500	0	40	49	64	3	6	15	0	0	0	0	0	0	0	0	0	0	0	0	6670745	
772	1	F	2	N	2500	0	40	64	128	9	11	26	0	0	0	0	0	0	0	0	0	0	0	0	6670745	
773	1	F	2	N	2500	0	40	27	40	2	3	10	0	0	0	0	0	0	0	0	0	0	0	0	6670760	
774	1	F	2	N	2500	0	40	33	65	4	7	16	0	0	0	0	0	0	0	0	0	0	0	0	6671072	
775	1	F	1	N	2500	6	40	145	431	20	17	53	0	0	0	0	0	0	0	0	0	0	0	0	6679562	
776	1	F	1	N	2500	0	40	267	332	22	15	53	0	0	0	0	0	0	0	0	0	0	0	0	6682698	
777	1	F	1	N	2500	0	40	210	293	8	7	26	0	0	0	0	0	0	0	0	0	0	0	0	6684790	
778	1	F	1	N	2500	0	40	270	483	23	22	65	0	0	0	0	0	0	0	0	0	0	0	0	6685398	
779	1	F	1	N	2500	0	40	148	425	34	18	56	0	0	0	0	0	0	0	0	0	0	0	0	6685445	
780	1	F	1	N	2500	0	40	230	453	6	11	34	0	0	0	0	0	0	0	0	0	0	0	0	6685804	
781	1	F	1	N	2500	0	40	247	384	16	17	47	0	0	0	0	0	0	0	0	0	0	0	0	6685835	
782	1	F	1	N	2500	0	40	274	410	16	17	59	0	0	0	0	0	0	0	0	0	0	0	0	6686163	
783	1	F	1	N	2500	0	40	221	327	11	20	69	0	0	0	0	0	0	0	0	0	0	0	0	6686459	
784	1	G	1	N	2500	6	40	23	23	0	2	8	0	0	0	0	0	0	0	0	0	0	0	0	6694369	
785	1	G	1	N	2500	0	40	233	356	15	12	35	0	0	0	0	0	0	0	0	0	0	0	0	6695352	
786	1	G	1	N	2500	0	40	226	491	296	375	554	0	0	0	0	0	0	0	0	0	0	0	0	6695867	
787	1	G	1	N	2500	0	40	24	25	2	8	29	0	0	0	0	0	0	0	0	0	0	0	0	6696397	
788	1	G	1	N	2500	0	40	211	288	17	11	35	0	0	0	0	0	0	0	0	0	0	0	0	6696522	
789	1	G	1	N	2500	0	40	349	624	40	23	78	0	0	0	0	0	0	0	0	0	0	0	0	6696740	
790	1	G	1	N	2500	0	40	22	17	0	1	4	0	0	0	0	0	0	0	0	0	0	0	0	6697442	
791	1	G	1	N	2500	0	40	20	23	1	2	5	0	0	0	0	0	0	0	0	0	0	0	0	6697988	
792	1	G	1	N	2500	0	40	242	353	17	18	67	0	0	0	0	0	0	0	0	0	0	0	0	6698628	
793	1	G	1	N	2500	0	40	243	496	28	145	438	0	0	0	0	0	0	0	0	0	0	0	0	6700470	
794	1	G	1	N	2500	0	40	45	47	0	1	7	0	0	0	0	0	0	0	0	0	0	0	0	6700610	
795	1	G	1	N	2500	0	40	138	236	9	9	35	0	0	0	0	0	0	0	0	0	0	0	0	6700688	
796	1	G	2	N	2500	6	40	23	43	5	5	5	0	0	0	0	0	0	0	0	0	0	0	0	6708303	
797	1	G	2	N	2500	0	40	232	358	22	16	44	0	0	0	0	0	0	0	0	0	0	0	0	6709613	
798	1	G	2	N	2500	0	40	32	58	22	27	39	0	0	0	0	0	0	0	0	0	0	0	0	6709879	
799	1	G	2	N	2500	0	40	170	188	7	6	22	0	0	0	0	0	0	0	0	0	0	0	0	6710050	
800	1	G	2	N	2500	0	40	44	54	4	4	6	0	0	0	0	0	0	0	0	0	0	0	0	6711393	
801	1	G	2	N	2500	0	40	34	34	1	2	5	0	0	0	0	0	0	0	0	0	0	0	0	6711627	
802	1	G	2	N	2500	0	40	178	396	18	18	54	0	0	0	0	0	0	0	0	0	0	0	0	6711845	
803	1	G	2	N	2500	0	40	30	39	2	3	10	0	0	0	0	0	0	0	0	0	0	0	0	6712688	
804	1	G	2	N	2500	0	40	164	327	13	14	46	0	0	0	0	0	0	0	0	0	0	0	0	6712875	
805	1	G	2	N	2500	0	40	23	28	1	2	3	0	0	0	0	0	0	0	0	0	0	0	0	6713717	
806	1	G	2	N	2500	0	40	256	468	29	22	65	0	0	0	0	0	0	0	0	0	0	0	0	6714092	
807	1	G	2	N	2500	0	40	246	352	17	14	41	0	0	0	0	0	0	0	0	0	0	0	0	6714483	
808	1	G	2	N	2500	0	40	240	487	22	23	73	0	0	0	0	0	0	0	0	0	0	0	0	6714561	
809	1	G	2	N	2500	0	40	318	591	33	26	75	0	0	0	0	0	0	0	0	0	0	0	0	6714935	
810	1	G	3	N	2500	6	40	209	302	10	9	27	0	0	0	0	0	0	0	0	0	0	0	0	6725373	
811	1	G	3	N	2500	0	40	232	268	12	17	54	0	0	0	0	0	0	0	0	0	0	0	0	6726451	
812	1	G	3	N	2500	0	40	194	259	7	11	36	0	0	0	0	0	0	0	0	0	0	0	0	6726747	
813	1	G	3	N	2500	0	40	261	447	23	17	42	0	0	0	0	0	0	0	0	0	0	0	0	6727137	
814	1	G	3	N	2500	0	40	114	262	11	17	59	0	0	0	0	0	0	0	0	0	0	0	0	6727465	
815	1	G	3	N	2500	0	40	20	38	3	4	9	0	0	0	0	0	0	0	0	0	0	0	0	6729182	
816	1	G	3	N	2500	0	40	22	32	1	1	3	0	0	0	0	0	0	0	0	0	0	0	0	6729182	
817	1	G	3	N	2500	0	40	27	55	17	21	22	0	0	0	0	0	0	0	0	0	0	0	0	6729182	
818	1	G	3	N	2500	0	40	263	454	20	10	30	0	0	0	0	0	0	0	0	0	0	0	0	6729213	
819	1	G	3	N	2500	0	40	192	241	8	5	17	0	0	0	0	0	0	0	0	0	0	0	0	6729416	
820	1	G	3	N	2500	0	40	217	370	16	11	29	0	0	0	0	0	0	0	0	0	0	0	0	6729541	
821	1	G	4	N	2500	6	40	242	427	23	16	38	0	0	0	0	0	0	0	0	0	0	0	0	6736515	
822	1	G	4	N	2500	0	40	257	475	22	13	35	0	0	0	0	0	0	0	0	0	0	0	0	6739963	
823	1	G	4	N	2500	0	40	39	55	2	3	12	0	0	0	0	0	0	0	0	0	0	0	0	6741447	
824	1	G	4	N	2500	0	40	25	34	2	3	10	0	0	0	0	0	0	0	0	0	0	0	0	6741697	
825	1	G	4	N	2500	0	40	29	47	1	3	8	0	0	0	0	0	0	0	0	0	0	0	0	6742820	
826	1	G	4	N	2500	0	40	254	454	20	15	41	0	0	0	0	0	0	0	0	0	0	0	0	6742851	
827	1	G	4	N	2500	0	40	261	468	20	8	19	0	0	0	0	0	0	0	0	0	0	0	0	6743163	
828	1	G	4	N	2500	0	40	24	29	1	3	11	0	0	0	0	0	0	0	0	0	0	0	0	6743475	
829	1	G	4	N	2500	0	40	309	431	14	16	53	0	0	0	0	0	0	0	0	0	0	0	0	6743881	
830	1	G	5	N	2500	6	40	210	275	8	8	32	0	0	0	0	0	0	0	0	0	0	0	0	6751667	
831	1	G	5	N	2500	0	40	223	323	13	7	25	0	0	0	0	0	0	0	0	0	0	0	0	6752915	
832	1	G	5	N	2500	0	40	22	34	3	3	6	0	0	0	0	0	0	0	0	0	0	0	0	6753368	
833	1	G	5	N	2500	0	40	26	58	9	11	17	0	0	0	0	0	0	0	0	0	0	0	0	6753493	
834	1	G	5	N	2500	0	40	128	350	15	16	40	0	0	0	0	0	0	0	0	0	0	0	0	6754163	
835	1	G	5	N	2500	0	40	129	165	6	5	11	0	0	0	0	0	0	0	0	0	0	0	0	6756098	
836	1	G	5	N	2500	0	40	228	297	10	14	45	0	0	0	0	0	0	0	0	0	0	0	0	6756629	
837	1	G	5	N	2500	0	40	132	206	5	4	11	0	0	0	0	0	0	0	0	0	0	0	0	6756957	
838	1	G	5	N	2500	0	40	36	57	3	6	14	0	0	0	0	0	0	0	0	0	0	0	0	6758096	
839	1	G	6	N	2500	6	40	233	567	37	28	81	0	0	0	0	0	0	0	0	0	0	0	0	6767099	
840	1	G	6	N	2500	0	40	252	359	14	17	56	0	0	0	0	0	0	0	0	0	0	0	0	6768019	
841	1	G	6	N	2500	0	40	168	210	7	8	21	0	0	0	0	0	0	0	0	0	0	0	0	6768254	
842	1	G	6	N	2500	0	40	65	170	4	4	16	0	0	0	0	0	0	0	0	0	0	0	0	6770454	
843	1	G	6	N	2500	0	40	205	247	9	4	18	0	0	0	0	0	0	0	0	0	0	0	0	6771562	
844	1	G	6	N	2500	0	40	203	292	11	11	35	0	0	0	0	0	0	0	0	0	0	0	0	6771937	
845	1	G	7	N	2500	6	40	145	383	16	22	65	0	0	0	0	0	0	0	0	0	0	0	0	6779098	
846	1	G	7	N	2500	0	40	348	692	33	81	284	0	0	0	0	0	0	0	0	0	0	0	0	6780535	
847	1	G	7	N	2500	0	40	28	40	4	6	7	0	0	0	0	0	0	0	0	0	0	0	0	6781330	
848	1	G	7	N	2500	0	40	167	247	8	9	26	0	0	0	0	0	0	0	0	0	0	0	0	6782687	
849	1	G	7	N	2500	0	40	333	845	41	49	118	0	0	0	0	0	0	0	0	0	0	0	0	6783640	
850	1	G	7	N	2500	0	40	488	1605	105	92	236	0	0	0	0	0	0	0	0	0	0	0	0	6783890	
851	1	G	7	N	2500	0	40	24	27	1	2	5	0	0	0	0	0	0	0	0	0	0	0	0	6784342	
852	1	G	8	N	2500	6	40	20	23	1	1	2	0	0	0	0	0	0	0	0	0	0	0	0	6794453	
853	1	G	8	N	2500	0	40	446	1235	106	59	150	0	0	0	0	0	0	0	0	0	0	0	0	6796311	
854	1	G	8	N	2500	0	40	594	1703	100	108	270	0	0	0	0	0	0	0	0	0	0	0	0	6796483	
855	1	G	8	N	2500	0	40	400	975	70	54	122	0	0	0	0	0	0	0	0	0	0	0	0	6796498	
856	1	G	8	N	2500	0	40	410	931	63	75	195	0	0	0	0	0	0	0	0	0	0	0	0	6797403	
857	1	G	8	N	2500	0	40	20	25	2	2	4	0	0	0	0	0	0	0	0	0	0	0	0	6797793	
858	1	G	8	N	2500	0	40	30	44	3	0	3	0	0	0	0	0	0	0	0	0	0	0	0	6798527	
859	1	G	8	N	2500	0	40	31	32	1	3	8	0	0	0	0	0	0	0	0	0	0	0	0	6799027	
860	1	G	9	N	2500	6	40	242	956	65	45	106	0	0	0	0	0	0	0	0	0	0	0	0	6808186	
861	1	G	9	N	2500	0	40	445	1353	97	61	151	0	0	0	0	0	0	0	0	0	0	0	0	6808545	
862	1	G	9	N	2500	0	40	22	35	1	1	1	0	0	0	0	0	0	0	0	0	0	0	0	6809169	
863	1	G	9	N	2500	0	40	26	30	1	2	6	0	0	0	0	0	0	0	0	0	0	0	0	6811259	
864	1	G	9	N	2500	0	40	221	1097	89	73	171	0	0	0	0	0	0	0	0	0	0	0	0	6813428	
865	1	G	10	N	2500	6	40	22	35	4	4	4	0	0	0	0	0	0	0	0	0	0	0	0	6821683	
866	1	G	10	N	2500	0	40	24	37	8	11	15	0	0	0	0	0	0	0	0	0	0	0	0	6823633	
867	1	G	10	N	2500	0	40	20	28	3	3	4	0	0	0	0	0	0	0	0	0	0	0	0	6823633	
868	1	G	10	N	2500	0	40	51	76	5	6	13	0	0	0	0	0	0	0	0	0	0	0	0	6823836	
869	1	G	10	N	2500	0	40	108	121	2	3	10	0	0	0	0	0	0	0	0	0	0	0	0	6823867	
870	1	G	10	N	2500	0	40	530	1603	87	76	195	0	0	0	0	0	0	0	0	0	0	0	0	6823882	
871	1	G	10	N	2500	0	40	346	1181	94	70	155	0	0	0	0	0	0	0	0	0	0	0	0	6824584	
872	1	G	10	N	2500	0	40	25	53	2	5	8	0	0	0	0	0	0	0	0	0	0	0	0	6824990	
873	1	G	10	N	2500	0	40	23	21	0	1	3	0	0	0	0	0	0	0	0	0	0	0	0	6825099	
874	1	G	10	N	2500	0	40	31	28	0	0	6	0	0	0	0	0	0	0	0	0	0	0	0	6825553	
875	1	G	10	N	2500	0	40	76	85	7	145	526	0	0	0	0	0	0	0	0	0	0	0	0	6827191	
876	1	G	10	N	2500	0	40	34	40	0	3	6	0	0	0	0	0	0	0	0	0	0	0	0	6827690	
877	1	G	10	N	2500	0	40	40	82	7	9	18	0	0	0	0	0	0	0	0	0	0	0	0	6828017	
878	1	G	10	N	2500	0	40	41	78	5	8	16	0	0	0	0	0	0	0	0	0	0	0	0	6828017	
879	1	G	10	N	2500	0	40	55	62	4	3	8	0	0	0	0	0	0	0	0	0	0	0	0	6828112	
880	1	G	11	N	2500	6	40	37	102	13	1	5	0	0	0	0	0	0	0	0	0	0	0	0	6836911	
881	1	G	11	N	2500	0	40	384	1081	67	51	111	0	0	0	0	0	0	0	0	0	0	0	0	6837005	
882	1	G	11	N	2500	0	40	364	764	42	34	100	0	0	0	0	0	0	0	0	0	0	0	0	6837427	
883	1	G	11	N	2500	0	40	267	1242	103	77	180	0	0	0	0	0	0	0	0	0	0	0	0	6838769	
884	1	G	11	N	2500	0	40	216	1060	75	51	101	0	0	0	0	0	0	0	0	0	0	0	0	6839721	
885	1	G	11	N	2500	0	40	21	30	5	6	9	0	0	0	0	0	0	0	0	0	0	0	0	6841204	
886	1	G	11	N	2500	0	40	465	1208	78	64	153	0	0	0	0	0	0	0	0	0	0	0	0	6841345	
887	1	G	11	N	2500	0	40	466	1226	92	43	88	0	0	0	0	0	0	0	0	0	0	0	0	6841969	
888	1	G	11	N	2500	0	40	121	267	12	16	157	0	0	0	0	0	0	0	0	0	0	0	0	6842998	
889	1	G	11	N	2500	0	40	76	164	8	4	8	0	0	0	0	0	0	0	0	0	0	0	0	6843140	
890	1	G	12	N	2500	6	40	450	1289	75	31	38	0	0	0	0	0	0	0	0	0	0	0	0	6850442	
891	1	G	12	N	2500	0	40	26	24	2	3	5	0	0	0	0	0	0	0	0	0	0	0	0	6851736	
892	1	G	12	N	2500	0	40	322	1143	92	69	176	0	0	0	0	0	0	0	0	0	0	0	0	6852080	
893	1	G	12	N	2500	0	40	390	1494	120	73	145	0	0	0	0	0	0	0	0	0	0	0	0	6852252	
894	1	G	12	N	2500	0	40	459	1134	68	29	43	0	0	0	0	0	0	0	0	0	0	0	0	6853547	
895	1	G	12	N	2500	0	40	24	27	1	2	4	0	0	0	0	0	0	0	0	0	0	0	0	6853656	
896	1	G	12	N	2500	0	40	286	1409	104	61	87	0	0	0	0	0	0	0	0	0	0	0	0	6854483	
897	1	G	12	N	2500	0	40	350	1750	134	76	98	0	0	0	0	0	0	0	0	0	0	0	0	6855467	
898	1	G	12	N	2500	0	40	192	209	15	14	49	0	0	0	0	0	0	0	0	0	0	0	0	6855482	
899	1	G	12	N	2500	0	40	58	58	5	2	8	0	0	0	0	0	0	0	0	0	0	0	0	6855482	
900	1	G	12	N	2500	0	40	79	95	7	5	21	0	0	0	0	0	0	0	0	0	0	0	0	6855482	
901	1	G	12	N	2500	0	40	33	29	0	0	1	0	0	0	0	0	0	0	0	0	0	0	0	6855810	
902	1	G	12	N	2500	0	40	118	359	14	12	32	0	0	0	0	0	0	0	0	0	0	0	0	6856295	
903	1	G	12	N	2500	0	40	133	336	9	9	18	0	0	0	0	0	0	0	0	0	0	0	0	6856295	
904	1	G	12	N	2500	0	40	25	20	1	1	5	0	0	0	0	0	0	0	0	0	0	0	0	6856295	
905	1	G	12	N	2500	0	40	25	49	20	24	22	0	0	0	0	0	0	0	0	0	0	0	0	6857028	
906	1	G	12	N	2500	0	40	20	18	0	1	2	0	0	0	0	0	0	0	0	0	0	0	0	6857043	
907	1	G	12	N	2500	0	40	404	1068	61	50	122	0	0	0	0	0	0	0	0	0	0	0	0	6857480	
908	1	H	12	N	2500	6	40	401	977	57	62	172	0	0	0	0	0	0	0	0	0	0	0	0	6864471	
909	1	H	12	N	2500	0	40	508	1442	74	36	43	0	0	0	0	0	0	0	0	0	0	0	0	6865267	
910	1	H	12	N	2500	0	40	404	733	46	32	75	0	0	0	0	0	0	0	0	0	0	0	0	6865391	
911	1	H	12	N	2500	0	40	507	1730	119	172	502	0	0	0	0	0	0	0	0	0	0	0	0	6865766	
912	1	H	12	N	2500	0	40	373	962	55	42	118	0	0	0	0	0	0	0	0	0	0	0	0	6865969	
913	1	H	12	N	2500	0	40	478	1405	114	95	278	0	0	0	0	0	0	0	0	0	0	0	0	6865984	
914	1	H	12	N	2500	0	40	376	944	67	60	156	0	0	0	0	0	0	0	0	0	0	0	0	6866125	
915	1	H	12	N	2500	0	40	293	576	29	17	36	0	0	0	0	0	0	0	0	0	0	0	0	6866203	
916	1	H	12	N	2500	0	40	398	1019	54	65	179	0	0	0	0	0	0	0	0	0	0	0	0	6866374	
917	1	H	12	N	2500	0	40	470	1306	95	105	303	0	0	0	0	0	0	0	0	0	0	0	0	6866561	
918	1	H	12	N	2500	0	40	22	29	1	3	7	0	0	0	0	0	0	0	0	0	0	0	0	6866780	
919	1	H	12	N	2500	0	40	249	815	52	51	138	0	0	0	0	0	0	0	0	0	0	0	0	6866905	
920	1	H	12	N	2500	0	40	354	1360	96	65	136	0	0	0	0	0	0	0	0	0	0	0	0	6866998	
921	1	H	12	N	2500	0	40	257	1241	103	106	283	0	0	0	0	0	0	0	0	0	0	0	0	6867045	
922	1	H	12	N	2500	0	40	258	1131	82	101	281	0	0	0	0	0	0	0	0	0	0	0	0	6867155	
923	1	H	12	N	2500	0	40	447	711	37	33	85	0	0	0	0	0	0	0	0	0	0	0	0	6867420	
924	1	H	12	N	2500	0	40	25	56	2	3	9	0	0	0	0	0	0	0	0	0	0	0	0	6867530	
925	1	H	12	N	2500	0	40	27	38	1	2	5	0	0	0	0	0	0	0	0	0	0	0	0	6867561	
926	1	H	12	N	2500	0	40	277	405	9	11	37	0	0	0	0	0	0	0	0	0	0	0	0	6867561	
927	1	H	12	N	2500	0	40	443	1326	81	83	232	0	0	0	0	0	0	0	0	0	0	0	0	6868060	
928	1	H	12	N	2500	0	40	229	469	29	17	38	0	0	0	0	0	0	0	0	0	0	0	0	6868091	
929	1	H	12	N	2500	0	40	415	1135	155	116	287	0	0	0	0	0	0	0	0	0	0	0	0	6868107	
930	1	H	12	N	2500	0	40	267	455	25	11	26	0	0	0	0	0	0	0	0	0	0	0	0	6868200	
931	1	H	12	N	2500	0	40	357	895	51	64	203	0	0	0	0	0	0	0	0	0	0	0	0	6868263	
932	1	H	12	N	2500	0	40	230	953	57	57	137	0	0	0	0	0	0	0	0	0	0	0	0	6868310	
933	1	H	12	N	2500	0	40	415	1256	113	135	383	0	0	0	0	0	0	0	0	0	0	0	0	6868575	
934	1	H	12	N	2500	0	40	552	1731	109	66	139	0	0	0	0	0	0	0	0	0	0	0	0	6868762	
935	1	H	12	N	2500	0	40	426	1052	60	76	211	0	0	0	0	0	0	0	0	0	0	0	0	6868902	
936	1	H	12	N	2500	0	40	360	785	45	34	95	0	0	0	0	0	0	0	0	0	0	0	0	6868918	
937	1	H	12	N	2500	0	40	85	101	2	6	12	0	0	0	0	0	0	0	0	0	0	0	0	6868934	
938	1	H	12	N	2500	0	40	373	910	50	60	168	0	0	0	0	0	0	0	0	0	0	0	0	6869105	
939	1	H	12	N	2500	0	40	26	54	3	2	4	0	0	0	0	0	0	0	0	0	0	0	0	6869105	
940	1	H	12	N	2500	0	40	454	1330	102	111	314	0	0	0	0	0	0	0	0	0	0	0	0	6869136	
941	1	H	12	N	2500	0	40	290	835	52	251	430	0	0	0	0	0	0	0	0	0	0	0	0	6869168	
942	1	H	12	N	2500	0	40	421	1530	117	114	293	0	0	0	0	0	0	0	0	0	0	0	0	6869558	
943	1	H	12	N	2500	0	40	274	445	23	6	21	0	0	0	0	0	0	0	0	0	0	0	0	6869589	
944	1	H	12	N	2500	0	40	329	622	37	27	72	0	0	0	0	0	0	0	0	0	0	0	0	6869682	
945	1	H	12	N	2500	0	40	428	1104	79	81	230	0	0	0	0	0	0	0	0	0	0	0	0	6869729	
946	1	H	12	N	2500	0	40	262	1178	85	74	172	0	0	0	0	0	0	0	0	0	0	0	0	6870041	
947	1	H	12	N	2500	0	40	469	1161	74	79	240	0	0	0	0	0	0	0	0	0	0	0	0	6870057	
948	1	H	12	N	2500	0	40	312	718	47	44	130	0	0	0	0	0	0	0	0	0	0	0	0	6870104	
949	1	H	12	N	2500	0	40	207	472	27	23	52	0	0	0	0	0	0	0	0	0	0	0	0	6870119	
950	1	H	12	N	2500	0	40	436	1189	81	88	238	0	0	0	0	0	0	0	0	0	0	0	0	6870275	
951	1	H	12	N	2500	0	40	298	592	27	8	20	0	0	0	0	0	0	0	0	0	0	0	0	6870478	
952	1	H	12	N	2500	0	40	24	45	13	16	21	0	0	0	0	0	0	0	0	0	0	0	0	6870603	
953	1	H	12	N	2500	0	40	298	449	26	19	40	0	0	0	0	0	0	0	0	0	0	0	0	6870774	
954	1	H	12	N	2500	0	40	21	33	10	13	12	0	0	0	0	0	0	0	0	0	0	0	0	6870930	
955	1	H	12	N	2500	0	40	327	1170	114	86	223	0	0	0	0	0	0	0	0	0	0	0	0	6871040	
956	1	H	11	N	2500	6	40	257	424	15	11	34	0	0	0	0	0	0	0	0	0	0	0	0	6878904	
957	1	H	11	N	2500	0	40	22	36	5	4	2	0	0	0	0	0	0	0	0	0	0	0	0	6879607	
958	1	H	11	N	2500	0	40	122	325	12	10	22	0	0	0	0	0	0	0	0	0	0	0	0	6879841	
959	1	H	11	N	2500	0	40	291	572	26	11	28	0	0	0	0	0	0	0	0	0	0	0	0	6879857	
960	1	H	11	N	2500	0	40	271	529	24	17	44	0	0	0	0	0	0	0	0	0	0	0	0	6880527	
961	1	H	11	N	2500	0	40	277	545	24	9	25	0	0	0	0	0	0	0	0	0	0	0	0	6880715	
962	1	H	11	N	2500	0	40	288	550	23	17	46	0	0	0	0	0	0	0	0	0	0	0	0	6880730	
963	1	H	11	N	2500	0	40	393	934	54	56	174	0	0	0	0	0	0	0	0	0	0	0	0	6881011	
964	1	H	11	N	2500	0	40	21	26	1	3	6	0	0	0	0	0	0	0	0	0	0	0	0	6881245	
965	1	H	11	N	2500	0	40	294	569	23	14	43	0	0	0	0	0	0	0	0	0	0	0	0	6881448	
966	1	H	11	N	2500	0	40	259	472	21	11	27	0	0	0	0	0	0	0	0	0	0	0	0	6881775	
967	1	H	11	N	2500	0	40	23	33	2	3	5	0	0	0	0	0	0	0	0	0	0	0	0	6881807	
968	1	H	11	N	2500	0	40	273	484	23	8	20	0	0	0	0	0	0	0	0	0	0	0	0	6881838	
969	1	H	11	N	2500	0	40	20	16	0	1	5	0	0	0	0	0	0	0	0	0	0	0	0	6881978	
970	1	H	11	N	2500	0	40	249	450	9	20	54	0	0	0	0	0	0	0	0	0	0	0	0	6881978	
971	1	H	11	N	2500	0	40	79	69	1	4	13	0	0	0	0	0	0	0	0	0	0	0	0	6881978	
972	1	H	11	N	2500	0	40	290	495	29	23	63	0	0	0	0	0	0	0	0	0	0	0	0	6881978	
973	1	H	11	N	2500	0	40	290	580	25	11	29	0	0	0	0	0	0	0	0	0	0	0	0	6882727	
974	1	H	11	N	2500	0	40	306	516	21	16	40	0	0	0	0	0	0	0	0	0	0	0	0	6882852	
975	1	H	11	N	2500	0	40	23	27	1	2	5	0	0	0	0	0	0	0	0	0	0	0	0	6882930	
976	1	H	11	N	2500	0	40	377	754	39	29	72	0	0	0	0	0	0	0	0	0	0	0	0	6883164	
977	1	H	11	N	2500	0	40	289	567	23	13	36	0	0	0	0	0	0	0	0	0	0	0	0	6883304	
978	1	H	11	N	2500	0	40	303	568	31	9	15	0	0	0	0	0	0	0	0	0	0	0	0	6883351	
979	1	H	11	N	2500	0	40	282	519	22	8	23	0	0	0	0	0	0	0	0	0	0	0	0	6883429	
980	1	H	11	N	2500	0	40	20	22	0	0	2	0	0	0	0	0	0	0	0	0	0	0	0	6883710	
981	1	H	11	N	2500	0	40	181	470	31	21	49	0	0	0	0	0	0	0	0	0	0	0	0	6883866	
982	1	H	11	N	2500	0	40	266	509	24	16	43	0	0	0	0	0	0	0	0	0	0	0	0	6884100	
983	1	H	11	N	2500	0	40	366	492	23	16	38	0	0	0	0	0	0	0	0	0	0	0	0	6884162	
984	1	H	11	N	2500	0	40	286	546	23	19	53	0	0	0	0	0	0	0	0	0	0	0	0	6884381	
985	1	H	11	N	2500	0	40	427	1339	110	111	325	0	0	0	0	0	0	0	0	0	0	0	0	6884459	
986	1	H	11	N	2500	0	40	200	662	37	55	142	0	0	0	0	0	0	0	0	0	0	0	0	6884583	
987	1	H	11	N	2500	0	40	291	485	24	12	33	0	0	0	0	0	0	0	0	0	0	0	0	6884599	
988	1	H	11	N	2500	0	40	221	1013	64	66	175	0	0	0	0	0	0	0	0	0	0	0	0	6884615	
989	1	H	11	N	2500	0	40	267	503	26	13	30	0	0	0	0	0	0	0	0	0	0	0	0	6884646	
990	1	H	11	N	2500	0	40	340	667	32	19	43	0	0	0	0	0	0	0	0	0	0	0	0	6884755	
991	1	H	11	N	2500	0	40	294	527	26	16	33	0	0	0	0	0	0	0	0	0	0	0	0	6884771	
992	1	H	11	N	2500	0	40	270	542	24	8	19	0	0	0	0	0	0	0	0	0	0	0	0	6884942	
993	1	H	11	N	2500	0	40	383	563	34	32	92	0	0	0	0	0	0	0	0	0	0	0	0	6885067	
994	1	H	11	N	2500	0	40	306	643	28	13	26	0	0	0	0	0	0	0	0	0	0	0	0	6885177	
995	1	H	11	N	2500	0	40	451	1101	68	41	95	0	0	0	0	0	0	0	0	0	0	0	0	6885302	
996	1	H	11	N	2500	0	40	376	690	52	20	48	0	0	0	0	0	0	0	0	0	0	0	0	6885364	
997	1	H	11	N	2500	0	40	214	507	29	19	47	0	0	0	0	0	0	0	0	0	0	0	0	6885801	
998	1	H	10	N	2500	6	40	268	446	23	9	22	0	0	0	0	0	0	0	0	0	0	0	0	6892698	
999	1	H	10	N	2500	0	40	306	558	26	23	72	0	0	0	0	0	0	0	0	0	0	0	0	6892760	
1000	1	H	10	N	2500	0	40	153	456	27	17	34	0	0	0	0	0	0	0	0	0	0	0	0	6893212	
1001	1	H	10	N	2500	0	40	319	639	28	26	67	0	0	0	0	0	0	0	0	0	0	0	0	6893540	
1002	1	H	10	N	2500	0	40	340	704	45	30	75	0	0	0	0	0	0	0	0	0	0	0	0	6894165	
1003	1	H	10	N	2500	0	40	281	521	22	14	39	0	0	0	0	0	0	0	0	0	0	0	0	6894227	
1004	1	H	10	N	2500	0	40	283	541	20	10	24	0	0	0	0	0	0	0	0	0	0	0	0	6894227	
1005	1	H	10	N	2500	0	40	281	482	26	15	39	0	0	0	0	0	0	0	0	0	0	0	0	6894290	
1006	1	H	10	N	2500	0	40	297	609	28	12	24	0	0	0	0	0	0	0	0	0	0	0	0	6895257	
1007	1	H	10	N	2500	0	40	290	529	23	11	28	0	0	0	0	0	0	0	0	0	0	0	0	6895569	
1008	1	H	10	N	2500	0	40	264	457	24	13	40	0	0	0	0	0	0	0	0	0	0	0	0	6895585	
1009	1	H	10	N	2500	0	40	368	583	28	26	69	0	0	0	0	0	0	0	0	0	0	0	0	6896084	
1010	1	H	10	N	2500	0	40	268	430	24	15	51	0	0	0	0	0	0	0	0	0	0	0	0	6896536	
1011	1	H	10	N	2500	0	40	287	559	25	11	28	0	0	0	0	0	0	0	0	0	0	0	0	6896833	
1012	1	H	10	N	2500	0	40	265	499	24	12	37	0	0	0	0	0	0	0	0	0	0	0	0	6896864	
1013	1	H	10	N	2500	0	40	284	584	28	9	22	0	0	0	0	0	0	0	0	0	0	0	0	6896989	
1014	1	H	10	N	2500	0	40	398	889	45	50	145	0	0	0	0	0	0	0	0	0	0	0	0	6897114	
1015	1	H	10	N	2500	0	40	24	31	2	3	5	0	0	0	0	0	0	0	0	0	0	0	0	6897192	
1016	1	H	10	N	2500	0	40	289	563	25	17	45	0	0	0	0	0	0	0	0	0	0	0	0	6897208	
1017	1	H	10	N	2500	0	40	266	517	22	6	18	0	0	0	0	0	0	0	0	0	0	0	0	6897270	
1018	1	H	10	N	2500	0	40	290	573	22	12	37	0	0	0	0	0	0	0	0	0	0	0	0	6897302	
1019	1	H	10	N	2500	0	40	273	444	18	16	47	0	0	0	0	0	0	0	0	0	0	0	0	6897473	
1020	1	H	10	N	2500	0	40	273	526	24	12	35	0	0	0	0	0	0	0	0	0	0	0	0	6897536	
1021	1	H	10	N	2500	0	40	291	593	22	8	15	0	0	0	0	0	0	0	0	0	0	0	0	6897551	
1022	1	H	10	N	2500	0	40	313	589	30	33	107	0	0	0	0	0	0	0	0	0	0	0	0	6897660	
1023	1	H	10	N	2500	0	40	27	26	0	1	3	0	0	0	0	0	0	0	0	0	0	0	0	6897754	
1024	1	H	10	N	2500	0	40	308	704	32	23	54	0	0	0	0	0	0	0	0	0	0	0	0	6898331	
1025	1	H	10	N	2500	0	40	297	569	31	17	45	0	0	0	0	0	0	0	0	0	0	0	0	6898347	
1026	1	H	10	N	2500	0	40	22	22	1	2	8	0	0	0	0	0	0	0	0	0	0	0	0	6898362	
1027	1	H	10	N	2500	0	40	28	24	0	0	0	0	0	0	0	0	0	0	0	0	0	0	0	6898487	
1028	1	H	10	N	2500	0	40	43	52	1	2	2	0	0	0	0	0	0	0	0	0	0	0	0	6898846	
1029	1	H	10	N	2500	0	40	273	461	19	5	12	0	0	0	0	0	0	0	0	0	0	0	0	6898940	
1030	1	H	10	N	2500	0	40	286	771	45	37	94	0	0	0	0	0	0	0	0	0	0	0	0	6899033	
1031	1	H	10	N	2500	0	40	191	559	30	25	55	0	0	0	0	0	0	0	0	0	0	0	0	6899033	
1032	1	H	10	N	2500	0	40	309	570	28	9	22	0	0	0	0	0	0	0	0	0	0	0	0	6899111	
1033	1	H	10	N	2500	0	40	24	48	2	3	8	0	0	0	0	0	0	0	0	0	0	0	0	6899283	
1034	1	H	10	N	2500	0	40	280	455	19	9	20	0	0	0	0	0	0	0	0	0	0	0	0	6899330	
1035	1	H	10	N	2500	0	40	298	654	35	29	75	0	0	0	0	0	0	0	0	0	0	0	0	6899376	
1036	1	H	10	N	2500	0	40	262	438	16	8	21	0	0	0	0	0	0	0	0	0	0	0	0	6899657	
1037	1	H	10	N	2500	0	40	272	538	23	7	23	0	0	0	0	0	0	0	0	0	0	0	0	6899688	
1038	1	H	10	N	2500	0	40	372	656	45	18	43	0	0	0	0	0	0	0	0	0	0	0	0	6900032	
1039	1	H	9	N	2500	6	40	257	493	23	14	43	0	0	0	0	0	0	0	0	0	0	0	0	6907272	
1040	1	H	9	N	2500	0	40	282	511	25	8	18	0	0	0	0	0	0	0	0	0	0	0	0	6907693	
1041	1	H	9	N	2500	0	40	175	575	36	21	43	0	0	0	0	0	0	0	0	0	0	0	0	6907709	
1042	1	H	9	N	2500	0	40	347	694	32	37	104	0	0	0	0	0	0	0	0	0	0	0	0	6908395	
1043	1	H	9	N	2500	0	40	267	526	20	11	28	0	0	0	0	0	0	0	0	0	0	0	0	6908411	
1044	1	H	9	N	2500	0	40	33	66	16	9	7	0	0	0	0	0	0	0	0	0	0	0	0	6908754	
1045	1	H	9	N	2500	0	40	283	594	27	13	26	0	0	0	0	0	0	0	0	0	0	0	0	6908863	
1046	1	H	9	N	2500	0	40	401	802	37	30	91	0	0	0	0	0	0	0	0	0	0	0	0	6908941	
1047	1	H	9	N	2500	0	40	237	518	32	123	407	0	0	0	0	0	0	0	0	0	0	0	0	6908957	
1048	1	H	9	N	2500	0	40	24	27	2	2	7	0	0	0	0	0	0	0	0	0	0	0	0	6909113	
1049	1	H	9	N	2500	0	40	350	453	27	17	41	0	0	0	0	0	0	0	0	0	0	0	0	6909223	
1050	1	H	9	N	2500	0	40	360	425	26	21	68	0	0	0	0	0	0	0	0	0	0	0	0	6909831	
1051	1	H	9	N	2500	0	40	379	770	48	22	58	0	0	0	0	0	0	0	0	0	0	0	0	6909863	
1052	1	H	9	N	2500	0	40	25	42	3	2	8	0	0	0	0	0	0	0	0	0	0	0	0	6910315	
1053	1	H	9	N	2500	0	40	201	598	44	36	97	0	0	0	0	0	0	0	0	0	0	0	0	6910315	
1054	1	H	9	N	2500	0	40	295	555	23	16	43	0	0	0	0	0	0	0	0	0	0	0	0	6910346	
1055	1	H	9	N	2500	0	40	295	587	26	11	28	0	0	0	0	0	0	0	0	0	0	0	0	6910440	
1056	1	H	9	N	2500	0	40	45	99	4	2	5	0	0	0	0	0	0	0	0	0	0	0	0	6910689	
1057	1	H	9	N	2500	0	40	302	552	27	10	24	0	0	0	0	0	0	0	0	0	0	0	0	6910767	
1058	1	H	9	N	2500	0	40	279	855	74	25	38	0	0	0	0	0	0	0	0	0	0	0	0	6910814	
1059	1	H	9	N	2500	0	40	120	302	14	12	32	0	0	0	0	0	0	0	0	0	0	0	0	6910986	
1060	1	H	9	N	2500	0	40	285	434	27	16	53	0	0	0	0	0	0	0	0	0	0	0	0	6911001	
1061	1	H	9	N	2500	0	40	275	510	19	11	25	0	0	0	0	0	0	0	0	0	0	0	0	6911189	
1062	1	H	9	N	2500	0	40	284	607	31	12	32	0	0	0	0	0	0	0	0	0	0	0	0	6911407	
1063	1	H	9	N	2500	0	40	275	517	25	9	28	0	0	0	0	0	0	0	0	0	0	0	0	6911516	
1064	1	H	9	N	2500	0	40	198	736	34	25	43	0	0	0	0	0	0	0	0	0	0	0	0	6911672	
1065	1	H	9	N	2500	0	40	285	563	23	11	27	0	0	0	0	0	0	0	0	0	0	0	0	6911719	
1066	1	H	9	N	2500	0	40	206	588	34	24	54	0	0	0	0	0	0	0	0	0	0	0	0	6911797	
1067	1	H	9	N	2500	0	40	44	59	1	2	6	0	0	0	0	0	0	0	0	0	0	0	0	6912204	
1068	1	H	9	N	2500	0	40	49	49	2	3	13	0	0	0	0	0	0	0	0	0	0	0	0	6912204	
1069	1	H	9	N	2500	0	40	299	632	33	14	30	0	0	0	0	0	0	0	0	0	0	0	0	6912843	
1070	1	H	9	N	2500	0	40	26	42	19	23	25	0	0	0	0	0	0	0	0	0	0	0	0	6912874	
1071	1	H	9	N	2500	0	40	299	596	30	10	16	0	0	0	0	0	0	0	0	0	0	0	0	6913436	
1072	1	H	9	N	2500	0	40	293	589	25	10	22	0	0	0	0	0	0	0	0	0	0	0	0	6913639	
1073	1	H	9	N	2500	0	40	184	574	30	26	63	0	0	0	0	0	0	0	0	0	0	0	0	6913764	
1074	1	H	9	N	2500	0	40	267	517	26	8	14	0	0	0	0	0	0	0	0	0	0	0	0	6913826	
1075	1	H	9	N	2500	0	40	275	535	22	12	29	0	0	0	0	0	0	0	0	0	0	0	0	6914247	
1076	1	H	8	N	2500	6	40	260	466	20	7	17	0	0	0	0	0	0	0	0	0	0	0	0	6921723	
1077	1	H	8	N	2500	0	40	281	515	25	10	25	0	0	0	0	0	0	0	0	0	0	0	0	6921754	
1078	1	H	8	N	2500	0	40	257	467	18	10	25	0	0	0	0	0	0	0	0	0	0	0	0	6921769	
1079	1	H	8	N	2500	0	40	292	593	28	13	34	0	0	0	0	0	0	0	0	0	0	0	0	6921879	
1080	1	H	8	N	2500	0	40	312	608	38	35	98	0	0	0	0	0	0	0	0	0	0	0	0	6922050	
1081	1	H	8	N	2500	0	40	263	486	24	15	34	0	0	0	0	0	0	0	0	0	0	0	0	6922300	
1082	1	H	8	N	2500	0	40	107	235	9	6	15	0	0	0	0	0	0	0	0	0	0	0	0	6922409	
1083	1	H	8	N	2500	0	40	316	667	33	41	127	0	0	0	0	0	0	0	0	0	0	0	0	6922503	
1084	1	H	8	N	2500	0	40	254	500	20	13	32	0	0	0	0	0	0	0	0	0	0	0	0	6922783	
1085	1	H	8	N	2500	0	40	33	34	1	2	10	0	0	0	0	0	0	0	0	0	0	0	0	6922939	
1086	1	H	8	N	2500	0	40	334	738	40	13	25	0	0	0	0	0	0	0	0	0	0	0	0	6923080	
1087	1	H	8	N	2500	0	40	313	613	28	31	96	0	0	0	0	0	0	0	0	0	0	0	0	6923298	
1088	1	H	8	N	2500	0	40	283	582	27	12	33	0	0	0	0	0	0	0	0	0	0	0	0	6923641	
1089	1	H	8	N	2500	0	40	267	497	21	8	21	0	0	0	0	0	0	0	0	0	0	0	0	6923673	
1090	1	H	8	N	2500	0	40	275	559	23	12	40	0	0	0	0	0	0	0	0	0	0	0	0	6923829	
1091	1	H	8	N	2500	0	40	267	439	25	9	28	0	0	0	0	0	0	0	0	0	0	0	0	6924016	
1092	1	H	8	N	2500	0	40	311	622	31	9	22	0	0	0	0	0	0	0	0	0	0	0	0	6924031	
1093	1	H	8	N	2500	0	40	298	585	39	15	33	0	0	0	0	0	0	0	0	0	0	0	0	6924156	
1094	1	H	8	N	2500	0	40	361	620	30	31	94	0	0	0	0	0	0	0	0	0	0	0	0	6924343	
1095	1	H	8	N	2500	0	40	285	597	26	12	28	0	0	0	0	0	0	0	0	0	0	0	0	6924390	
1096	1	H	8	N	2500	0	40	252	631	41	38	76	0	0	0	0	0	0	0	0	0	0	0	0	6924406	
1097	1	H	8	N	2500	0	40	316	664	36	44	130	0	0	0	0	0	0	0	0	0	0	0	0	6924687	
1098	1	H	8	N	2500	0	40	294	550	22	14	46	0	0	0	0	0	0	0	0	0	0	0	0	6924780	
1099	1	H	8	N	2500	0	40	263	438	17	12	29	0	0	0	0	0	0	0	0	0	0	0	0	6924843	
1100	1	H	8	N	2500	0	40	292	596	25	15	36	0	0	0	0	0	0	0	0	0	0	0	0	6925123	
1101	1	H	8	N	2500	0	40	279	527	23	11	29	0	0	0	0	0	0	0	0	0	0	0	0	6925451	
1102	1	H	8	N	2500	0	40	271	496	26	28	88	0	0	0	0	0	0	0	0	0	0	0	0	6925529	
1103	1	H	8	N	2500	0	40	337	526	30	28	82	0	0	0	0	0	0	0	0	0	0	0	0	6925638	
1104	1	H	8	N	2500	0	40	22	48	2	2	7	0	0	0	0	0	0	0	0	0	0	0	0	6925685	
1105	1	H	8	N	2500	0	40	290	517	22	17	47	0	0	0	0	0	0	0	0	0	0	0	0	6925685	
1106	1	H	8	N	2500	0	40	282	507	22	11	34	0	0	0	0	0	0	0	0	0	0	0	0	6925872	
1107	1	H	8	N	2500	0	40	33	37	2	2	5	0	0	0	0	0	0	0	0	0	0	0	0	6925950	
1108	1	H	8	N	2500	0	40	278	530	23	14	34	0	0	0	0	0	0	0	0	0	0	0	0	6926340	
1109	1	H	8	N	2500	0	40	284	568	27	12	25	0	0	0	0	0	0	0	0	0	0	0	0	6926434	
1110	1	H	8	N	2500	0	40	328	770	40	39	112	0	0	0	0	0	0	0	0	0	0	0	0	6926465	
1111	1	H	8	N	2500	0	40	292	589	26	12	28	0	0	0	0	0	0	0	0	0	0	0	0	6926559	
1112	1	H	8	N	2500	0	40	310	638	28	30	86	0	0	0	0	0	0	0	0	0	0	0	0	6926652	
1113	1	H	8	N	2500	0	40	333	1196	109	87	233	0	0	0	0	0	0	0	0	0	0	0	0	6926777	
1114	1	H	8	N	2500	0	40	25	22	0	0	1	0	0	0	0	0	0	0	0	0	0	0	0	6926793	
1115	1	H	8	N	2500	0	40	297	560	30	13	33	0	0	0	0	0	0	0	0	0	0	0	0	6926871	
1116	1	H	8	N	2500	0	40	280	556	28	12	30	0	0	0	0	0	0	0	0	0	0	0	0	6926964	
1117	1	H	8	N	2500	0	40	282	492	21	13	34	0	0	0	0	0	0	0	0	0	0	0	0	6927089	
1118	1	H	8	N	2500	0	40	476	911	48	338	1106	0	0	0	0	0	0	0	0	0	0	0	0	6927183	
1119	1	H	8	N	2500	0	40	289	567	25	14	54	0	0	0	0	0	0	0	0	0	0	0	0	6927183	
1120	1	H	8	N	2500	0	40	287	564	29	11	25	0	0	0	0	0	0	0	0	0	0	0	0	6927245	
1121	1	H	8	N	2500	0	40	302	617	28	9	16	0	0	0	0	0	0	0	0	0	0	0	0	6927292	
1122	1	H	8	N	2500	0	40	339	823	45	47	133	0	0	0	0	0	0	0	0	0	0	0	0	6927401	
1123	1	H	8	N	2500	0	40	275	873	63	79	227	0	0	0	0	0	0	0	0	0	0	0	0	6927588	
1124	1	H	8	N	2500	0	40	421	844	36	21	52	0	0	0	0	0	0	0	0	0	0	0	0	6927713	
1125	1	H	8	N	2500	0	40	279	549	24	8	21	0	0	0	0	0	0	0	0	0	0	0	0	6927760	
1126	1	H	8	N	2500	0	40	345	565	23	17	54	0	0	0	0	0	0	0	0	0	0	0	0	6927822	
1127	1	H	8	N	2500	0	40	317	625	37	31	91	0	0	0	0	0	0	0	0	0	0	0	0	6927869	
1128	1	H	8	N	2500	0	40	368	574	29	22	55	0	0	0	0	0	0	0	0	0	0	0	0	6928260	
1129	1	H	8	N	2500	0	40	325	675	32	16	41	0	0	0	0	0	0	0	0	0	0	0	0	6928338	
1130	1	H	7	N	2500	6	40	313	595	27	22	67	0	0	0	0	0	0	0	0	0	0	0	0	6935343	
1131	1	H	7	N	2500	0	40	288	525	29	13	40	0	0	0	0	0	0	0	0	0	0	0	0	6935562	
1132	1	H	7	N	2500	0	40	265	491	24	12	32	0	0	0	0	0	0	0	0	0	0	0	0	6936358	
1133	1	H	7	N	2500	0	40	323	676	41	31	80	0	0	0	0	0	0	0	0	0	0	0	0	6936390	
1134	1	H	7	N	2500	0	40	32	26	1	1	4	0	0	0	0	0	0	0	0	0	0	0	0	6936468	
1135	1	H	7	N	2500	0	40	301	635	41	23	51	0	0	0	0	0	0	0	0	0	0	0	0	6936920	
1136	1	H	7	N	2500	0	40	290	471	23	13	34	0	0	0	0	0	0	0	0	0	0	0	0	6936998	
1137	1	H	7	N	2500	0	40	306	615	30	13	38	0	0	0	0	0	0	0	0	0	0	0	0	6937294	
1138	1	H	7	N	2500	0	40	32	40	3	3	8	0	0	0	0	0	0	0	0	0	0	0	0	6937388	
1139	1	H	7	N	2500	0	40	326	632	29	23	61	0	0	0	0	0	0	0	0	0	0	0	0	6937513	
1140	1	H	7	N	2500	0	40	341	480	23	13	40	0	0	0	0	0	0	0	0	0	0	0	0	6937700	
1141	1	H	7	N	2500	0	40	27	32	2	2	2	0	0	0	0	0	0	0	0	0	0	0	0	6937887	
1142	1	H	7	N	2500	0	40	20	20	0	1	4	0	0	0	0	0	0	0	0	0	0	0	0	6937981	
1143	1	H	7	N	2500	0	40	256	497	19	10	29	0	0	0	0	0	0	0	0	0	0	0	0	6938542	
1144	1	H	7	N	2500	0	40	350	705	37	22	53	0	0	0	0	0	0	0	0	0	0	0	0	6938558	
1145	1	H	7	N	2500	0	40	238	988	66	69	177	0	0	0	0	0	0	0	0	0	0	0	0	6938776	
1146	1	H	7	N	2500	0	40	23	25	1	2	5	0	0	0	0	0	0	0	0	0	0	0	0	6938792	
1147	1	H	7	N	2500	0	40	275	459	28	12	35	0	0	0	0	0	0	0	0	0	0	0	0	6938792	
1148	1	H	7	N	2500	0	40	276	553	25	13	31	0	0	0	0	0	0	0	0	0	0	0	0	6938870	
1149	1	H	7	N	2500	0	40	158	543	28	17	31	0	0	0	0	0	0	0	0	0	0	0	0	6938932	
1150	1	H	7	N	2500	0	40	307	583	23	17	42	0	0	0	0	0	0	0	0	0	0	0	0	6939010	
1151	1	H	7	N	2500	0	40	281	510	30	11	21	0	0	0	0	0	0	0	0	0	0	0	0	6939151	
1152	1	H	7	N	2500	0	40	328	730	33	18	49	0	0	0	0	0	0	0	0	0	0	0	0	6939260	
1153	1	H	7	N	2500	0	40	321	686	36	36	110	0	0	0	0	0	0	0	0	0	0	0	0	6939510	
1154	1	H	7	N	2500	0	40	476	758	48	46	135	0	0	0	0	0	0	0	0	0	0	0	0	6939744	
1155	1	H	7	N	2500	0	40	349	662	52	28	71	0	0	0	0	0	0	0	0	0	0	0	0	6939759	
1156	1	H	7	N	2500	0	40	274	545	22	10	26	0	0	0	0	0	0	0	0	0	0	0	0	6940165	
1157	1	H	7	N	2500	0	40	313	1270	85	53	80	0	0	0	0	0	0	0	0	0	0	0	0	6940258	
1158	1	H	7	N	2500	0	40	227	334	13	8	27	0	0	0	0	0	0	0	0	0	0	0	0	6940305	
1159	1	H	7	N	2500	0	40	20	25	2	3	6	0	0	0	0	0	0	0	0	0	0	0	0	6940336	
1160	1	H	7	N	2500	0	40	347	868	52	18	35	0	0	0	0	0	0	0	0	0	0	0	0	6940524	
1161	1	H	7	N	2500	0	40	254	466	26	7	14	0	0	0	0	0	0	0	0	0	0	0	0	6940992	
1162	1	H	7	N	2500	0	40	285	497	28	11	24	0	0	0	0	0	0	0	0	0	0	0	0	6941007	
1163	1	H	7	N	2500	0	40	280	481	23	7	23	0	0	0	0	0	0	0	0	0	0	0	0	6941070	
1164	1	H	7	N	2500	0	40	277	490	25	9	20	0	0	0	0	0	0	0	0	0	0	0	0	6941335	
1165	1	H	7	N	2500	0	40	265	463	26	12	28	0	0	0	0	0	0	0	0	0	0	0	0	6941444	
1166	1	H	7	N	2500	0	40	209	816	54	25	38	0	0	0	0	0	0	0	0	0	0	0	0	6941818	
1167	1	H	7	N	2500	0	40	316	664	33	31	91	0	0	0	0	0	0	0	0	0	0	0	0	6942037	
1168	1	H	7	N	2500	0	40	271	444	19	10	25	0	0	0	0	0	0	0	0	0	0	0	0	6942068	
1169	1	H	7	N	2500	0	40	26	38	2	3	5	0	0	0	0	0	0	0	0	0	0	0	0	6942241	
1170	1	H	6	N	2500	6	40	325	671	29	20	48	0	0	0	0	0	0	0	0	0	0	0	0	6949527	
1171	1	H	6	N	2500	0	40	353	664	27	22	62	0	0	0	0	0	0	0	0	0	0	0	0	6950556	
1172	1	H	6	N	2500	0	40	193	695	39	300	790	0	0	0	0	0	0	0	0	0	0	0	0	6950572	
1173	1	H	6	N	2500	0	40	418	1138	63	93	290	0	0	0	0	0	0	0	0	0	0	0	0	6950775	
1174	1	H	6	N	2500	0	40	371	773	36	43	139	0	0	0	0	0	0	0	0	0	0	0	0	6951213	
1175	1	H	6	N	2500	0	40	21	28	1	2	8	0	0	0	0	0	0	0	0	0	0	0	0	6951213	
1176	1	H	6	N	2500	0	40	35	32	1	0	2	0	0	0	0	0	0	0	0	0	0	0	0	6951571	
1177	1	H	6	N	2500	0	40	397	951	53	63	195	0	0	0	0	0	0	0	0	0	0	0	0	6951603	
1178	1	H	6	N	2500	0	40	374	723	42	58	181	0	0	0	0	0	0	0	0	0	0	0	0	6951603	
1179	1	H	6	N	2500	0	40	307	610	28	15	36	0	0	0	0	0	0	0	0	0	0	0	0	6951696	
1180	1	H	6	N	2500	0	40	417	1071	63	87	268	0	0	0	0	0	0	0	0	0	0	0	0	6951790	
1181	1	H	6	N	2500	0	40	192	356	15	9	18	0	0	0	0	0	0	0	0	0	0	0	0	6952227	
1182	1	H	6	N	2500	0	40	300	541	27	18	45	0	0	0	0	0	0	0	0	0	0	0	0	6952258	
1183	1	H	6	N	2500	0	40	341	566	26	23	67	0	0	0	0	0	0	0	0	0	0	0	0	6952305	
1184	1	H	6	N	2500	0	40	304	578	23	10	25	0	0	0	0	0	0	0	0	0	0	0	0	6952351	
1185	1	H	6	N	2500	0	40	265	402	19	22	74	0	0	0	0	0	0	0	0	0	0	0	0	6952554	
1186	1	H	6	N	2500	0	40	337	625	27	129	381	0	0	0	0	0	0	0	0	0	0	0	0	6952851	
1187	1	H	6	N	2500	0	40	278	1109	69	346	1121	0	0	0	0	0	0	0	0	0	0	0	0	6952882	
1188	1	H	6	N	2500	0	40	425	818	60	51	175	0	0	0	0	0	0	0	0	0	0	0	0	6953100	
1189	1	H	6	N	2500	0	40	314	424	25	18	58	0	0	0	0	0	0	0	0	0	0	0	0	6953209	
1190	1	H	6	N	2500	0	40	199	711	45	282	542	0	0	0	0	0	0	0	0	0	0	0	0	6953771	
1191	1	H	6	N	2500	0	40	190	577	23	15	28	0	0	0	0	0	0	0	0	0	0	0	0	6953849	
1192	1	H	6	N	2500	0	40	360	599	27	43	157	0	0	0	0	0	0	0	0	0	0	0	0	6953880	
1193	1	H	6	N	2500	0	40	229	795	50	66	196	0	0	0	0	0	0	0	0	0	0	0	0	6954287	
1194	1	H	6	N	2500	0	40	258	474	22	30	95	0	0	0	0	0	0	0	0	0	0	0	0	6954318	
1195	1	H	6	N	2500	0	40	323	615	27	12	25	0	0	0	0	0	0	0	0	0	0	0	0	6954334	
1196	1	H	6	N	2500	0	40	371	782	40	54	172	0	0	0	0	0	0	0	0	0	0	0	0	6954334	
1197	1	H	6	N	2500	0	40	293	533	23	10	22	0	0	0	0	0	0	0	0	0	0	0	0	6954396	
1198	1	H	6	N	2500	0	40	301	943	59	86	269	0	0	0	0	0	0	0	0	0	0	0	0	6954599	
1199	1	H	6	N	2500	0	40	167	484	24	11	10	0	0	0	0	0	0	0	0	0	0	0	0	6954661	
1200	1	H	6	N	2500	0	40	349	667	41	43	135	0	0	0	0	0	0	0	0	0	0	0	0	6954677	
1201	1	H	6	N	2500	0	40	350	682	29	39	127	0	0	0	0	0	0	0	0	0	0	0	0	6954817	
1202	1	H	6	N	2500	0	40	293	556	28	27	94	0	0	0	0	0	0	0	0	0	0	0	0	6955067	
1203	1	H	6	N	2500	0	40	396	890	44	65	202	0	0	0	0	0	0	0	0	0	0	0	0	6955145	
1204	1	H	6	N	2500	0	40	229	669	28	25	58	0	0	0	0	0	0	0	0	0	0	0	0	6955207	
1205	1	H	6	N	2500	0	40	27	53	18	23	31	0	0	0	0	0	0	0	0	0	0	0	0	6955379	
1206	1	H	6	N	2500	0	40	333	668	33	39	119	0	0	0	0	0	0	0	0	0	0	0	0	6955472	
1207	1	H	6	N	2500	0	40	304	550	25	9	14	0	0	0	0	0	0	0	0	0	0	0	0	6955488	
1208	1	H	6	N	2500	0	40	25	43	3	9	23	0	0	0	0	0	0	0	0	0	0	0	0	6955519	
1209	1	H	6	N	2500	0	40	325	632	30	16	42	0	0	0	0	0	0	0	0	0	0	0	0	6955831	
1210	1	H	6	N	2500	0	40	317	1229	60	35	61	0	0	0	0	0	0	0	0	0	0	0	0	6955894	
1211	1	H	6	N	2500	0	40	28	45	2	2	2	0	0	0	0	0	0	0	0	0	0	0	0	6956424	
1212	1	H	6	N	2500	0	40	25	33	1	1	2	0	0	0	0	0	0	0	0	0	0	0	0	6956627	
1213	1	H	6	N	2500	0	40	251	679	34	35	95	0	0	0	0	0	0	0	0	0	0	0	0	6956720	
1214	1	H	5	N	2500	6	40	197	685	39	34	84	0	0	0	0	0	0	0	0	0	0	0	0	6964226	
1215	1	H	5	N	2500	0	40	221	731	37	48	131	0	0	0	0	0	0	0	0	0	0	0	0	6964850	
1216	1	H	5	N	2500	0	40	304	553	21	13	34	0	0	0	0	0	0	0	0	0	0	0	0	6965318	
1217	1	H	5	N	2500	0	40	354	660	30	46	139	0	0	0	0	0	0	0	0	0	0	0	0	6965396	
1218	1	H	5	N	2500	0	40	297	504	23	27	79	0	0	0	0	0	0	0	0	0	0	0	0	6965802	
1219	1	H	5	N	2500	0	40	24	36	12	16	19	0	0	0	0	0	0	0	0	0	0	0	0	6966082	
1220	1	H	5	N	2500	0	40	301	525	23	23	72	0	0	0	0	0	0	0	0	0	0	0	0	6966224	
1221	1	H	5	N	2500	0	40	283	518	24	27	85	0	0	0	0	0	0	0	0	0	0	0	0	6966723	
1222	1	H	5	N	2500	0	40	23	43	4	4	2	0	0	0	0	0	0	0	0	0	0	0	0	6967768	
1223	1	H	5	N	2500	0	40	401	722	40	46	142	0	0	0	0	0	0	0	0	0	0	0	0	6968533	
1224	1	H	5	N	2500	0	40	322	783	34	212	634	0	0	0	0	0	0	0	0	0	0	0	0	6968798	
1225	1	H	5	N	2500	0	40	305	708	40	20	32	0	0	0	0	0	0	0	0	0	0	0	0	6968954	
1226	1	H	5	N	2500	0	40	269	738	48	244	663	0	0	0	0	0	0	0	0	0	0	0	0	6969142	
1227	1	H	5	N	2500	0	40	322	616	23	14	29	0	0	0	0	0	0	0	0	0	0	0	0	6969189	
1228	1	H	5	N	2500	0	40	231	356	17	16	44	0	0	0	0	0	0	0	0	0	0	0	0	6969282	
1229	1	H	5	N	2500	0	40	361	775	52	99	350	0	0	0	0	0	0	0	0	0	0	0	0	6969626	
1230	1	H	5	N	2500	0	40	385	756	40	88	312	0	0	0	0	0	0	0	0	0	0	0	0	6969813	
1231	1	H	5	N	2500	0	40	417	777	33	199	710	0	0	0	0	0	0	0	0	0	0	0	0	6969844	
1232	1	H	5	N	2500	0	40	403	833	50	39	112	0	0	0	0	0	0	0	0	0	0	0	0	6970000	
1233	1	H	5	N	2500	0	40	348	633	30	115	396	0	0	0	0	0	0	0	0	0	0	0	0	6970172	
1234	1	H	5	N	2500	0	40	297	519	24	25	72	0	0	0	0	0	0	0	0	0	0	0	0	6970281	
1235	1	H	5	N	2500	0	40	362	643	30	122	426	0	0	0	0	0	0	0	0	0	0	0	0	6970421	
1236	1	H	5	N	2500	0	40	321	626	29	14	33	0	0	0	0	0	0	0	0	0	0	0	0	6970905	
1237	1	H	4	N	2500	6	40	338	626	28	88	322	0	0	0	0	0	0	0	0	0	0	0	0	6978800	
1238	1	H	4	N	2500	0	40	341	706	33	49	153	0	0	0	0	0	0	0	0	0	0	0	0	6978941	
1239	1	H	4	N	2500	0	40	285	1036	66	77	221	0	0	0	0	0	0	0	0	0	0	0	0	6979534	
1240	1	H	4	N	2500	0	40	297	599	21	10	19	0	0	0	0	0	0	0	0	0	0	0	0	6979721	
1241	1	H	4	N	2500	0	40	447	608	46	47	429	0	0	0	0	0	0	0	0	0	0	0	0	6980142	
1242	1	H	4	N	2500	0	40	145	282	14	28	102	0	0	0	0	0	0	0	0	0	0	0	0	6980236	
1243	1	H	4	N	2500	0	40	375	734	29	51	155	0	0	0	0	0	0	0	0	0	0	0	0	6980282	
1244	1	H	4	N	2500	0	40	309	557	26	33	108	0	0	0	0	0	0	0	0	0	0	0	0	6980750	
1245	1	H	4	N	2500	0	40	457	1143	59	77	236	0	0	0	0	0	0	0	0	0	0	0	0	6980750	
1246	1	H	4	N	2500	0	40	274	453	22	21	63	0	0	0	0	0	0	0	0	0	0	0	0	6980875	
1247	1	H	4	N	2500	0	40	342	631	30	90	328	0	0	0	0	0	0	0	0	0	0	0	0	6981531	
1248	1	H	4	N	2500	0	40	380	858	33	29	66	0	0	0	0	0	0	0	0	0	0	0	0	6981625	
1249	1	H	4	N	2500	0	40	37	109	43	53	63	0	0	0	0	0	0	0	0	0	0	0	0	6981968	
1250	1	H	4	N	2500	0	40	274	392	20	26	83	0	0	0	0	0	0	0	0	0	0	0	0	6982031	
1251	1	H	4	N	2500	0	40	224	908	48	109	357	0	0	0	0	0	0	0	0	0	0	0	0	6983341	
1252	1	H	4	N	2500	0	40	316	603	26	15	29	0	0	0	0	0	0	0	0	0	0	0	0	6983403	
1253	1	H	4	N	2500	0	40	24	35	2	2	12	0	0	0	0	0	0	0	0	0	0	0	0	6983559	
1254	1	H	4	N	2500	0	40	337	1045	67	110	356	0	0	0	0	0	0	0	0	0	0	0	0	6983715	
1255	1	H	4	N	2500	0	40	337	620	24	17	41	0	0	0	0	0	0	0	0	0	0	0	0	6983762	
1256	1	H	4	N	2500	0	40	410	835	42	40	112	0	0	0	0	0	0	0	0	0	0	0	0	6983809	
1257	1	H	4	N	2500	0	40	53	91	1	1	3	0	0	0	0	0	0	0	0	0	0	0	0	6984261	
1258	1	H	4	N	2500	0	40	254	348	13	40	151	0	0	0	0	0	0	0	0	0	0	0	0	6984324	
1259	1	H	4	N	2500	0	40	119	171	9	7	22	0	0	0	0	0	0	0	0	0	0	0	0	6985010	
1260	1	H	4	N	2500	0	40	290	566	24	22	65	0	0	0	0	0	0	0	0	0	0	0	0	6985104	
1261	1	H	4	N	2500	0	40	421	801	39	49	145	0	0	0	0	0	0	0	0	0	0	0	0	6985463	
1262	1	H	3	N	2500	6	40	383	817	54	84	281	0	0	0	0	0	0	0	0	0	0	0	0	6992531	
1263	1	H	3	N	2500	0	40	106	120	3	3	12	0	0	0	0	0	0	0	0	0	0	0	0	6993374	
1264	1	H	3	N	2500	0	40	240	953	64	95	284	0	0	0	0	0	0	0	0	0	0	0	0	6993733	
1265	1	H	3	N	2500	0	40	296	560	27	30	85	0	0	0	0	0	0	0	0	0	0	0	0	6993857	
1266	1	H	3	N	2500	0	40	359	731	35	41	131	0	0	0	0	0	0	0	0	0	0	0	0	6994107	
1267	1	H	3	N	2500	0	40	188	727	48	83	265	0	0	0	0	0	0	0	0	0	0	0	0	6994419	
1268	1	H	3	N	2500	0	40	31	61	1	1	1	0	0	0	0	0	0	0	0	0	0	0	0	6994466	
1269	1	H	3	N	2500	0	40	247	945	54	74	221	0	0	0	0	0	0	0	0	0	0	0	0	6994575	
1270	1	H	3	N	2500	0	40	262	1059	75	84	234	0	0	0	0	0	0	0	0	0	0	0	0	6994903	
1271	1	H	3	N	2500	0	40	317	634	26	14	31	0	0	0	0	0	0	0	0	0	0	0	0	6995371	
1272	1	H	3	N	2500	0	40	277	1117	64	46	69	0	0	0	0	0	0	0	0	0	0	0	0	6995589	
1273	1	H	3	N	2500	0	40	176	669	36	184	576	0	0	0	0	0	0	0	0	0	0	0	0	6995667	
1274	1	H	3	N	2500	0	40	340	627	29	37	123	0	0	0	0	0	0	0	0	0	0	0	0	6995917	
1275	1	H	3	N	2500	0	40	298	506	26	27	73	0	0	0	0	0	0	0	0	0	0	0	0	6995948	
1276	1	H	3	N	2500	0	40	321	556	29	21	56	0	0	0	0	0	0	0	0	0	0	0	0	6995995	
1277	1	H	3	N	2500	0	40	283	863	54	76	242	0	0	0	0	0	0	0	0	0	0	0	0	6996869	
1278	1	H	3	N	2500	0	40	383	936	65	78	247	0	0	0	0	0	0	0	0	0	0	0	0	6997103	
1279	1	H	3	N	2500	0	40	222	672	41	70	219	0	0	0	0	0	0	0	0	0	0	0	0	6997368	
1280	1	H	3	N	2500	0	40	359	721	36	50	147	0	0	0	0	0	0	0	0	0	0	0	0	6997493	
1281	1	H	3	N	2500	0	40	297	559	29	37	110	0	0	0	0	0	0	0	0	0	0	0	0	6998164	
1282	1	H	3	N	2500	0	40	375	872	42	175	598	0	0	0	0	0	0	0	0	0	0	0	0	6999038	
1283	1	H	3	N	2500	0	40	78	134	5	12	38	0	0	0	0	0	0	0	0	0	0	0	0	6999069	
1284	1	H	2	N	2500	6	40	170	438	19	22	75	0	0	0	0	0	0	0	0	0	0	0	0	7006621	
1285	1	H	2	N	2500	0	40	239	759	40	236	792	0	0	0	0	0	0	0	0	0	0	0	0	7007277	
1286	1	H	2	N	2500	0	40	24	40	15	20	17	0	0	0	0	0	0	0	0	0	0	0	0	7008416	
1287	1	H	2	N	2500	0	40	313	627	33	16	31	0	0	0	0	0	0	0	0	0	0	0	0	7008526	
1288	1	H	2	N	2500	0	40	410	945	58	79	258	0	0	0	0	0	0	0	0	0	0	0	0	7008916	
1289	1	H	2	N	2500	0	40	307	536	23	11	28	0	0	0	0	0	0	0	0	0	0	0	0	7008931	
1290	1	H	2	N	2500	0	40	442	954	68	94	291	0	0	0	0	0	0	0	0	0	0	0	0	7009072	
1291	1	H	2	N	2500	0	40	371	809	45	76	245	0	0	0	0	0	0	0	0	0	0	0	0	7009212	
1292	1	H	2	N	2500	0	40	187	468	20	26	78	0	0	0	0	0	0	0	0	0	0	0	0	7009540	
1293	1	H	2	N	2500	0	40	20	18	1	2	4	0	0	0	0	0	0	0	0	0	0	0	0	7009883	
1294	1	H	2	N	2500	0	40	295	939	64	84	257	0	0	0	0	0	0	0	0	0	0	0	0	7009976	
1295	1	H	2	N	2500	0	40	284	461	16	16	43	0	0	0	0	0	0	0	0	0	0	0	0	7010039	
1296	1	H	2	N	2500	0	40	188	587	29	15	21	0	0	0	0	0	0	0	0	0	0	0	0	7010039	
1297	1	H	2	N	2500	0	40	251	440	18	16	46	0	0	0	0	0	0	0	0	0	0	0	0	7010164	
1298	1	H	2	N	2500	0	40	370	672	29	47	173	0	0	0	0	0	0	0	0	0	0	0	0	7010476	
1299	1	H	2	N	2500	0	40	397	888	47	72	220	0	0	0	0	0	0	0	0	0	0	0	0	7010522	
1300	1	H	2	N	2500	0	40	298	543	22	10	25	0	0	0	0	0	0	0	0	0	0	0	0	7010585	
1301	1	H	2	N	2500	0	40	270	903	54	85	266	0	0	0	0	0	0	0	0	0	0	0	0	7010725	
1302	1	H	2	N	2500	0	40	431	1007	56	92	298	0	0	0	0	0	0	0	0	0	0	0	0	7011068	
1303	1	H	2	N	2500	0	40	321	661	30	16	41	0	0	0	0	0	0	0	0	0	0	0	0	7011241	
1304	1	H	2	N	2500	0	40	383	725	42	39	120	0	0	0	0	0	0	0	0	0	0	0	0	7011303	
1305	1	H	2	N	2500	0	40	407	962	50	80	260	0	0	0	0	0	0	0	0	0	0	0	0	7011569	
1306	1	H	2	N	2500	0	40	375	752	37	84	272	0	0	0	0	0	0	0	0	0	0	0	0	7011756	
1307	1	H	2	N	2500	0	40	343	626	28	33	103	0	0	0	0	0	0	0	0	0	0	0	0	7011771	
1308	1	H	2	N	2500	0	40	328	605	32	45	155	0	0	0	0	0	0	0	0	0	0	0	0	7011818	
1309	1	H	2	N	2500	0	40	360	673	29	50	156	0	0	0	0	0	0	0	0	0	0	0	0	7012271	
1310	1	H	2	N	2500	0	40	383	904	48	121	406	0	0	0	0	0	0	0	0	0	0	0	0	7012567	
1311	1	H	2	N	2500	0	40	156	502	25	19	46	0	0	0	0	0	0	0	0	0	0	0	0	7012770	
1312	1	H	2	N	2500	0	40	317	424	18	27	81	0	0	0	0	0	0	0	0	0	0	0	0	7012832	
1313	1	H	2	N	2500	0	40	23	31	1	3	7	0	0	0	0	0	0	0	0	0	0	0	0	7012848	
1314	1	H	2	N	2500	0	40	349	656	26	40	149	0	0	0	0	0	0	0	0	0	0	0	0	7012879	
1315	1	H	2	N	2500	0	40	407	887	39	74	239	0	0	0	0	0	0	0	0	0	0	0	0	7013347	
1316	1	H	2	N	2500	0	40	187	240	8	7	25	0	0	0	0	0	0	0	0	0	0	0	0	7013363	
1317	1	H	2	N	2500	0	40	318	805	48	216	696	0	0	0	0	0	0	0	0	0	0	0	0	7013441	
1318	1	H	2	N	2500	0	40	443	913	55	91	303	0	0	0	0	0	0	0	0	0	0	0	0	7013612	
1319	1	H	2	N	2500	0	40	68	97	2	3	12	0	0	0	0	0	0	0	0	0	0	0	0	7013955	
1320	1	H	1	N	2500	6	40	206	747	36	53	141	0	0	0	0	0	0	0	0	0	0	0	0	7021211	
1321	1	H	1	N	2500	0	40	381	838	44	30	70	0	0	0	0	0	0	0	0	0	0	0	0	7023474	
1322	1	H	1	N	2500	0	40	372	769	35	40	118	0	0	0	0	0	0	0	0	0	0	0	0	7023615	
1323	1	H	1	N	2500	0	40	503	1429	84	104	315	0	0	0	0	0	0	0	0	0	0	0	0	7023896	
1324	1	H	1	N	2500	0	40	28	47	4	4	10	0	0	0	0	0	0	0	0	0	0	0	0	7024317	
1325	1	H	1	N	2500	0	40	266	451	19	17	55	0	0	0	0	0	0	0	0	0	0	0	0	7025003	
1326	1	H	1	N	2500	0	40	240	886	69	69	210	0	0	0	0	0	0	0	0	0	0	0	0	7025019	
1327	1	H	1	N	2500	0	40	329	572	26	40	132	0	0	0	0	0	0	0	0	0	0	0	0	7025206	
1328	1	H	1	N	2500	0	40	95	110	8	18	51	0	0	0	0	0	0	0	0	0	0	0	0	7025487	
1329	1	H	1	N	2500	0	40	407	950	54	45	135	0	0	0	0	0	0	0	0	0	0	0	0	7025658	
1330	1	H	1	N	2500	0	40	464	1089	69	84	264	0	0	0	0	0	0	0	0	0	0	0	0	7025877	
1331	1	H	1	N	2500	0	40	305	1045	74	78	222	0	0	0	0	0	0	0	0	0	0	0	0	7026174	
1332	1	H	1	N	2500	0	40	438	896	40	81	270	0	0	0	0	0	0	0	0	0	0	0	0	7026174	
1333	1	H	1	N	2500	0	40	28	40	57	221	221	0	0	0	0	0	0	0	0	0	0	0	0	7026705	
1334	1	H	1	N	2500	0	40	445	1191	67	95	291	0	0	0	0	0	0	0	0	0	0	0	0	7027001	


Threshold source: EXT,  value 50
Min TOF = 20
EXT signal gain 2.0
Green signal gain 3.0
Yellow signal gain 3.0
Red signal gain 3.0
Green PMT voltage 600
Yellow PMT voltage 600
Red PMT voltage 700
Signal multipliers: 5.0,5.0,5.0,5.0
C:\Users\unionbio\Desktop\COPAS Templates\USE for analysis_dauer_columns.csv