Id	Plate	Row	Column	Clog	Scan rate	Status sort	Status sel	TOF	EXT	Green	Yellow	Red	PH Ext	PW Ext	PC Ext	PH Green	PW Green	PCGreen	PH Yellow	PW Yellow	PCYellow	PH Red	PW Red	PCRed	Time Stamp	
0	1	A	1	N	2500	6	40	251	495	19	8	22	0	0	0	0	0	0	0	0	0	0	0	0	8456835	
1	1	A	2	N	2500	6	40	25	23	1	3	10	0	0	0	0	0	0	0	0	0	0	0	0	8464936	
2	1	A	2	N	2500	0	40	23	23	1	2	10	0	0	0	0	0	0	0	0	0	0	0	0	8467168	
3	1	A	2	N	2500	0	40	25	29	1	2	4	0	0	0	0	0	0	0	0	0	0	0	0	8467371	
4	1	A	2	N	2500	0	40	30	27	2	2	8	0	0	0	0	0	0	0	0	0	0	0	0	8468869	
5	1	A	2	N	2500	0	40	30	39	2	5	14	0	0	0	0	0	0	0	0	0	0	0	0	8471849	
6	1	A	3	N	2500	6	40	25	59	7	0	0	0	0	0	0	0	0	0	0	0	0	0	0	8478590	
7	1	A	3	N	2500	0	40	36	118	16	1	6	0	0	0	0	0	0	0	0	0	0	0	0	8478856	
8	1	A	3	N	2500	0	40	25	31	1	2	4	0	0	0	0	0	0	0	0	0	0	0	0	8479403	
9	1	A	3	N	2500	0	40	210	309	13	15	60	0	0	0	0	0	0	0	0	0	0	0	0	8480807	
10	1	A	3	N	2500	0	40	254	441	26	12	36	0	0	0	0	0	0	0	0	0	0	0	0	8480900	
11	1	A	3	N	2500	0	40	32	58	3	3	6	0	0	0	0	0	0	0	0	0	0	0	0	8483070	
12	1	A	3	N	2500	0	40	21	30	2	3	11	0	0	0	0	0	0	0	0	0	0	0	0	8483366	
13	1	A	3	N	2500	0	40	26	29	1	1	2	0	0	0	0	0	0	0	0	0	0	0	0	8484147	
14	1	A	3	N	2500	0	40	36	53	3	4	16	0	0	0	0	0	0	0	0	0	0	0	0	8484194	
15	1	A	3	N	2500	0	40	20	21	1	1	2	0	0	0	0	0	0	0	0	0	0	0	0	8484989	
16	1	A	3	N	2500	0	40	24	27	1	1	3	0	0	0	0	0	0	0	0	0	0	0	0	8485769	
17	1	A	3	N	2500	0	40	21	24	1	3	12	0	0	0	0	0	0	0	0	0	0	0	0	8485832	
18	1	A	4	N	2500	6	40	44	40	2	2	8	0	0	0	0	0	0	0	0	0	0	0	0	8495039	
19	1	A	4	N	2500	0	40	45	79	5	4	6	0	0	0	0	0	0	0	0	0	0	0	0	8495819	
20	1	A	4	N	2500	0	40	39	58	3	3	10	0	0	0	0	0	0	0	0	0	0	0	0	8496927	
21	1	A	4	N	2500	0	40	216	405	17	12	41	0	0	0	0	0	0	0	0	0	0	0	0	8497988	
22	1	A	5	N	2500	6	40	20	23	4	0	2	0	0	0	0	0	0	0	0	0	0	0	0	8509956	
23	1	A	5	N	2500	0	40	56	71	4	7	24	0	0	0	0	0	0	0	0	0	0	0	0	8511516	
24	1	A	5	N	2500	0	40	45	75	5	9	29	0	0	0	0	0	0	0	0	0	0	0	0	8511860	
25	1	A	5	N	2500	0	40	33	46	2	2	6	0	0	0	0	0	0	0	0	0	0	0	0	8513295	
26	1	A	5	N	2500	0	40	21	26	1	1	4	0	0	0	0	0	0	0	0	0	0	0	0	8513373	
27	1	A	5	N	2500	0	40	36	41	2	2	5	0	0	0	0	0	0	0	0	0	0	0	0	8513638	
28	1	A	5	N	2500	0	40	24	41	2	3	10	0	0	0	0	0	0	0	0	0	0	0	0	8513888	
29	1	A	5	N	2500	0	40	33	58	4	14	48	0	0	0	0	0	0	0	0	0	0	0	0	8514591	
30	1	A	6	N	2500	6	40	24	28	2	3	10	0	0	0	0	0	0	0	0	0	0	0	0	8522735	
31	1	A	6	N	2500	0	40	24	26	2	3	11	0	0	0	0	0	0	0	0	0	0	0	0	8523781	
32	1	A	6	N	2500	0	40	29	38	1	2	6	0	0	0	0	0	0	0	0	0	0	0	0	8523781	
33	1	A	6	N	2500	0	40	20	25	1	1	2	0	0	0	0	0	0	0	0	0	0	0	0	8525825	
34	1	A	6	N	2500	0	40	23	35	2	6	22	0	0	0	0	0	0	0	0	0	0	0	0	8526184	
35	1	A	6	N	2500	0	40	57	99	6	6	22	0	0	0	0	0	0	0	0	0	0	0	0	8526590	
36	1	A	6	N	2500	0	40	285	876	15	36	127	0	0	0	0	0	0	0	0	0	0	0	0	8526746	
37	1	A	6	N	2500	0	40	20	18	0	0	0	0	0	0	0	0	0	0	0	0	0	0	0	8526746	
38	1	A	6	N	2500	0	40	142	398	6	8	28	0	0	0	0	0	0	0	0	0	0	0	0	8526746	
39	1	A	6	N	2500	0	40	22	28	1	3	9	0	0	0	0	0	0	0	0	0	0	0	0	8527916	
40	1	A	7	N	2500	6	40	23	29	1	2	8	0	0	0	0	0	0	0	0	0	0	0	0	8535905	
41	1	A	7	N	2500	0	40	26	28	1	3	11	0	0	0	0	0	0	0	0	0	0	0	0	8537153	
42	1	A	7	N	2500	0	40	24	28	1	2	6	0	0	0	0	0	0	0	0	0	0	0	0	8538839	
43	1	A	7	N	2500	0	40	26	40	2	3	9	0	0	0	0	0	0	0	0	0	0	0	0	8538948	
44	1	A	7	N	2500	0	40	23	42	1	1	3	0	0	0	0	0	0	0	0	0	0	0	0	8540149	
45	1	A	7	N	2500	0	40	304	596	25	22	57	0	0	0	0	0	0	0	0	0	0	0	0	8542116	
46	1	A	7	N	2500	0	40	278	564	31	25	76	0	0	0	0	0	0	0	0	0	0	0	0	8542334	
47	1	A	7	N	2500	0	40	26	24	0	4	14	0	0	0	0	0	0	0	0	0	0	0	0	8542584	
48	1	A	7	N	2500	0	40	37	49	0	1	7	0	0	0	0	0	0	0	0	0	0	0	0	8542584	
49	1	A	8	N	2500	6	40	502	1583	60	199	674	0	0	0	0	0	0	0	0	0	0	0	0	8550979	
50	1	A	8	N	2500	0	40	64	125	4	6	19	0	0	0	0	0	0	0	0	0	0	0	0	8550979	
51	1	A	8	N	2500	0	40	31	49	2	1	5	0	0	0	0	0	0	0	0	0	0	0	0	8551712	
52	1	A	8	N	2500	0	40	290	716	38	22	65	0	0	0	0	0	0	0	0	0	0	0	0	8552476	
53	1	A	8	N	2500	0	40	522	1629	58	81	212	0	0	0	0	0	0	0	0	0	0	0	0	8553303	
54	1	A	8	N	2500	0	40	389	1053	58	58	153	0	0	0	0	0	0	0	0	0	0	0	0	8554552	
55	1	A	8	N	2500	0	40	45	59	2	3	7	0	0	0	0	0	0	0	0	0	0	0	0	8554568	
56	1	A	8	N	2500	0	40	24	27	1	1	4	0	0	0	0	0	0	0	0	0	0	0	0	8556377	
57	1	A	9	N	2500	6	40	229	432	23	15	29	0	0	0	0	0	0	0	0	0	0	0	0	8565148	
58	1	A	9	N	2500	0	40	53	48	3	5	9	0	0	0	0	0	0	0	0	0	0	0	0	8565725	
59	1	A	9	N	2500	0	40	66	308	20	22	48	0	0	0	0	0	0	0	0	0	0	0	0	8566208	
60	1	A	9	N	2500	0	40	27	28	1	1	2	0	0	0	0	0	0	0	0	0	0	0	0	8567082	
61	1	A	9	N	2500	0	40	329	637	52	33	113	0	0	0	0	0	0	0	0	0	0	0	0	8568299	
62	1	A	10	N	2500	6	40	28	65	2	4	11	0	0	0	0	0	0	0	0	0	0	0	0	8578706	
63	1	A	10	N	2500	0	40	66	82	14	3	15	0	0	0	0	0	0	0	0	0	0	0	0	8580392	
64	1	A	10	N	2500	0	40	21	24	1	2	7	0	0	0	0	0	0	0	0	0	0	0	0	8580782	
65	1	A	10	N	2500	0	40	55	120	9	10	17	0	0	0	0	0	0	0	0	0	0	0	0	8582732	
66	1	A	10	N	2500	0	40	20	21	1	1	3	0	0	0	0	0	0	0	0	0	0	0	0	8585104	
67	1	A	10	N	2500	0	40	22	31	5	6	9	0	0	0	0	0	0	0	0	0	0	0	0	8585369	
68	1	A	11	N	2500	6	40	20	31	4	4	4	0	0	0	0	0	0	0	0	0	0	0	0	8593671	
69	1	A	11	N	2500	0	40	409	1401	85	74	175	0	0	0	0	0	0	0	0	0	0	0	0	8593920	
70	1	A	11	N	2500	0	40	83	132	5	4	13	0	0	0	0	0	0	0	0	0	0	0	0	8594887	
71	1	A	11	N	2500	0	40	63	70	3	3	10	0	0	0	0	0	0	0	0	0	0	0	0	8597696	
72	1	A	12	N	2500	6	40	61	96	5	5	8	0	0	0	0	0	0	0	0	0	0	0	0	8609197	
73	1	A	12	N	2500	0	40	22	23	1	1	5	0	0	0	0	0	0	0	0	0	0	0	0	8609633	
74	1	A	12	N	2500	0	40	36	47	2	3	6	0	0	0	0	0	0	0	0	0	0	0	0	8611023	
75	1	A	12	N	2500	0	40	37	59	3	50	199	0	0	0	0	0	0	0	0	0	0	0	0	8611366	
76	1	A	12	N	2500	0	40	83	121	5	4	9	0	0	0	0	0	0	0	0	0	0	0	0	8612068	
77	1	A	12	N	2500	0	40	35	39	0	2	10	0	0	0	0	0	0	0	0	0	0	0	0	8612879	
78	1	A	12	N	2500	0	40	24	32	6	5	6	0	0	0	0	0	0	0	0	0	0	0	0	8613020	
79	1	A	12	N	2500	0	40	33	31	1	3	9	0	0	0	0	0	0	0	0	0	0	0	0	8613971	
80	1	B	12	N	2500	6	40	38	59	3	3	3	0	0	0	0	0	0	0	0	0	0	0	0	8621259	
81	1	B	12	N	2500	0	40	301	705	34	26	64	0	0	0	0	0	0	0	0	0	0	0	0	8623819	
82	1	B	12	N	2500	0	40	248	407	16	10	32	0	0	0	0	0	0	0	0	0	0	0	0	8623819	
83	1	B	12	N	2500	0	40	70	121	13	3	15	0	0	0	0	0	0	0	0	0	0	0	0	8624926	
84	1	B	12	N	2500	0	40	70	114	6	7	12	0	0	0	0	0	0	0	0	0	0	0	0	8627188	
85	1	B	12	N	2500	0	40	28	40	18	19	11	0	0	0	0	0	0	0	0	0	0	0	0	8627220	
86	1	B	12	N	2500	0	40	26	40	2	6	21	0	0	0	0	0	0	0	0	0	0	0	0	8628172	
87	1	B	11	N	2500	6	40	61	55	5	1	7	0	0	0	0	0	0	0	0	0	0	0	0	8635817	
88	1	B	11	N	2500	0	40	361	526	31	30	101	0	0	0	0	0	0	0	0	0	0	0	0	8636519	
89	1	B	11	N	2500	0	40	355	452	27	41	153	0	0	0	0	0	0	0	0	0	0	0	0	8637628	
90	1	B	11	N	2500	0	40	54	84	2	4	15	0	0	0	0	0	0	0	0	0	0	0	0	8639110	
91	1	B	11	N	2500	0	40	289	698	35	22	68	0	0	0	0	0	0	0	0	0	0	0	0	8640530	
92	1	B	11	N	2500	0	40	99	122	3	8	34	0	0	0	0	0	0	0	0	0	0	0	0	8640780	
93	1	B	11	N	2500	0	40	65	81	2	6	21	0	0	0	0	0	0	0	0	0	0	0	0	8641092	
94	1	B	11	N	2500	0	40	20	27	2	2	5	0	0	0	0	0	0	0	0	0	0	0	0	8641966	
95	1	B	11	N	2500	0	40	320	882	54	55	156	0	0	0	0	0	0	0	0	0	0	0	0	8642512	
96	1	B	10	N	2500	6	40	302	736	40	50	153	0	0	0	0	0	0	0	0	0	0	0	0	8651125	
97	1	B	10	N	2500	0	40	56	74	9	3	17	0	0	0	0	0	0	0	0	0	0	0	0	8651484	
98	1	B	10	N	2500	0	40	25	28	1	4	13	0	0	0	0	0	0	0	0	0	0	0	0	8656493	
99	1	B	9	N	2500	6	40	39	48	2	4	14	0	0	0	0	0	0	0	0	0	0	0	0	8664841	
100	1	B	9	N	2500	0	40	28	34	1	0	1	0	0	0	0	0	0	0	0	0	0	0	0	8666386	
101	1	B	9	N	2500	0	40	31	33	2	2	5	0	0	0	0	0	0	0	0	0	0	0	0	8666386	
102	1	B	9	N	2500	0	40	22	28	2	1	6	0	0	0	0	0	0	0	0	0	0	0	0	8666994	
103	1	B	9	N	2500	0	40	146	339	10	11	28	0	0	0	0	0	0	0	0	0	0	0	0	8668305	
104	1	B	9	N	2500	0	40	37	39	1	2	8	0	0	0	0	0	0	0	0	0	0	0	0	8669319	
105	1	B	9	N	2500	0	40	24	36	3	2	7	0	0	0	0	0	0	0	0	0	0	0	0	8669694	
106	1	B	9	N	2500	0	40	25	24	1	3	12	0	0	0	0	0	0	0	0	0	0	0	0	8669943	
107	1	B	9	N	2500	0	40	33	45	3	3	4	0	0	0	0	0	0	0	0	0	0	0	0	8670209	
108	1	B	8	N	2500	6	40	32	48	2	2	6	0	0	0	0	0	0	0	0	0	0	0	0	8680243	
109	1	B	8	N	2500	0	40	20	26	1	1	1	0	0	0	0	0	0	0	0	0	0	0	0	8680727	
110	1	B	8	N	2500	0	40	60	121	6	7	13	0	0	0	0	0	0	0	0	0	0	0	0	8680899	
111	1	B	8	N	2500	0	40	28	26	1	4	15	0	0	0	0	0	0	0	0	0	0	0	0	8681725	
112	1	B	8	N	2500	0	40	21	18	1	3	13	0	0	0	0	0	0	0	0	0	0	0	0	8681991	
113	1	B	8	N	2500	0	40	82	159	5	6	19	0	0	0	0	0	0	0	0	0	0	0	0	8682864	
114	1	B	8	N	2500	0	40	50	68	4	4	11	0	0	0	0	0	0	0	0	0	0	0	0	8683020	
115	1	B	8	N	2500	0	40	316	574	24	39	131	0	0	0	0	0	0	0	0	0	0	0	0	8683067	
116	1	B	8	N	2500	0	40	80	135	6	1	7	0	0	0	0	0	0	0	0	0	0	0	0	8683270	
117	1	B	8	N	2500	0	40	293	667	43	38	124	0	0	0	0	0	0	0	0	0	0	0	0	8683847	
118	1	B	7	N	2500	6	40	21	22	1	1	2	0	0	0	0	0	0	0	0	0	0	0	0	8693522	
119	1	B	7	N	2500	0	40	238	393	16	10	32	0	0	0	0	0	0	0	0	0	0	0	0	8693585	
120	1	B	7	N	2500	0	40	182	479	20	15	37	0	0	0	0	0	0	0	0	0	0	0	0	8693928	
121	1	B	7	N	2500	0	40	23	20	0	0	1	0	0	0	0	0	0	0	0	0	0	0	0	8694084	
122	1	B	7	N	2500	0	40	27	23	1	0	0	0	0	0	0	0	0	0	0	0	0	0	0	8697141	
123	1	B	7	N	2500	0	40	315	649	44	41	118	0	0	0	0	0	0	0	0	0	0	0	0	8698063	
124	1	B	7	N	2500	0	40	31	56	23	29	32	0	0	0	0	0	0	0	0	0	0	0	0	8698562	
125	1	B	7	N	2500	0	40	323	417	24	22	76	0	0	0	0	0	0	0	0	0	0	0	0	8698843	
126	1	B	6	N	2500	6	40	33	39	2	3	10	0	0	0	0	0	0	0	0	0	0	0	0	8706020	
127	1	B	6	N	2500	0	40	261	549	25	18	54	0	0	0	0	0	0	0	0	0	0	0	0	8707518	
128	1	B	6	N	2500	0	40	24	42	2	3	10	0	0	0	0	0	0	0	0	0	0	0	0	8708985	
129	1	B	6	N	2500	0	40	47	82	4	7	13	0	0	0	0	0	0	0	0	0	0	0	0	8710655	
130	1	B	6	N	2500	0	40	22	23	1	3	9	0	0	0	0	0	0	0	0	0	0	0	0	8713105	
131	1	B	5	N	2500	6	40	20	24	1	3	11	0	0	0	0	0	0	0	0	0	0	0	0	8722920	
132	1	B	5	N	2500	0	40	27	43	2	1	4	0	0	0	0	0	0	0	0	0	0	0	0	8723325	
133	1	B	5	N	2500	0	40	25	35	2	4	13	0	0	0	0	0	0	0	0	0	0	0	0	8725495	
134	1	B	5	N	2500	0	40	23	23	1	1	6	0	0	0	0	0	0	0	0	0	0	0	0	8725697	
135	1	B	5	N	2500	0	40	29	46	3	3	8	0	0	0	0	0	0	0	0	0	0	0	0	8727008	
136	1	B	4	N	2500	6	40	26	42	1	2	8	0	0	0	0	0	0	0	0	0	0	0	0	8736200	
137	1	B	4	N	2500	0	40	39	46	3	6	15	0	0	0	0	0	0	0	0	0	0	0	0	8736216	
138	1	B	4	N	2500	0	40	31	48	14	15	20	0	0	0	0	0	0	0	0	0	0	0	0	8737058	
139	1	B	4	N	2500	0	40	29	41	2	1	5	0	0	0	0	0	0	0	0	0	0	0	0	8737214	
140	1	B	4	N	2500	0	40	27	44	2	4	12	0	0	0	0	0	0	0	0	0	0	0	0	8737526	
141	1	B	4	N	2500	0	40	22	28	1	2	8	0	0	0	0	0	0	0	0	0	0	0	0	8738103	
142	1	B	4	N	2500	0	40	20	22	1	1	3	0	0	0	0	0	0	0	0	0	0	0	0	8738431	
143	1	B	4	N	2500	0	40	90	140	6	5	9	0	0	0	0	0	0	0	0	0	0	0	0	8739086	
144	1	B	4	N	2500	0	40	26	29	2	2	6	0	0	0	0	0	0	0	0	0	0	0	0	8739523	
145	1	B	4	N	2500	0	40	22	21	1	1	3	0	0	0	0	0	0	0	0	0	0	0	0	8741769	
146	1	B	4	N	2500	0	40	48	100	7	7	17	0	0	0	0	0	0	0	0	0	0	0	0	8741910	
147	1	B	3	N	2500	6	40	35	42	2	4	12	0	0	0	0	0	0	0	0	0	0	0	0	8750711	
148	1	B	3	N	2500	0	40	40	66	4	4	8	0	0	0	0	0	0	0	0	0	0	0	0	8751772	
149	1	B	3	N	2500	0	40	37	70	4	7	18	0	0	0	0	0	0	0	0	0	0	0	0	8752022	
150	1	B	3	N	2500	0	40	28	40	2	5	17	0	0	0	0	0	0	0	0	0	0	0	0	8753207	
151	1	B	3	N	2500	0	40	20	25	1	1	3	0	0	0	0	0	0	0	0	0	0	0	0	8753472	
152	1	B	3	N	2500	0	40	42	105	7	10	29	0	0	0	0	0	0	0	0	0	0	0	0	8753566	
153	1	B	3	N	2500	0	40	33	55	3	4	9	0	0	0	0	0	0	0	0	0	0	0	0	8753660	
154	1	B	3	N	2500	0	40	33	42	2	2	5	0	0	0	0	0	0	0	0	0	0	0	0	8753878	
155	1	B	3	N	2500	0	40	208	315	11	12	46	0	0	0	0	0	0	0	0	0	0	0	0	8755002	
156	1	B	3	N	2500	0	40	141	309	11	18	61	0	0	0	0	0	0	0	0	0	0	0	0	8755236	
157	1	B	3	N	2500	0	40	40	74	5	7	19	0	0	0	0	0	0	0	0	0	0	0	0	8755689	
158	1	B	2	N	2500	6	40	21	17	0	0	0	0	0	0	0	0	0	0	0	0	0	0	0	8763115	
159	1	B	2	N	2500	0	40	22	22	1	1	3	0	0	0	0	0	0	0	0	0	0	0	0	8764146	
160	1	B	2	N	2500	0	40	22	29	1	1	4	0	0	0	0	0	0	0	0	0	0	0	0	8767657	
161	1	B	2	N	2500	0	40	21	21	1	2	9	0	0	0	0	0	0	0	0	0	0	0	0	8767657	
162	1	B	2	N	2500	0	40	21	27	1	1	1	0	0	0	0	0	0	0	0	0	0	0	0	8767984	
163	1	B	2	N	2500	0	40	35	55	4	5	10	0	0	0	0	0	0	0	0	0	0	0	0	8768218	
164	1	B	2	N	2500	0	40	25	31	2	4	14	0	0	0	0	0	0	0	0	0	0	0	0	8768218	
165	1	B	2	N	2500	0	40	20	24	1	1	5	0	0	0	0	0	0	0	0	0	0	0	0	8768952	
166	1	B	2	N	2500	0	40	197	267	13	6	23	0	0	0	0	0	0	0	0	0	0	0	0	8769561	
167	1	B	2	N	2500	0	40	39	44	3	4	10	0	0	0	0	0	0	0	0	0	0	0	0	8769655	
168	1	B	1	N	2500	6	40	32	64	3	7	25	0	0	0	0	0	0	0	0	0	0	0	0	8781950	
169	1	C	1	N	2500	6	40	33	46	3	4	9	0	0	0	0	0	0	0	0	0	0	0	0	8791671	
170	1	C	1	N	2500	0	40	247	420	20	11	28	0	0	0	0	0	0	0	0	0	0	0	0	8795634	
171	1	C	1	N	2500	0	40	31	47	2	3	8	0	0	0	0	0	0	0	0	0	0	0	0	8797084	
172	1	C	1	N	2500	0	40	189	266	11	15	49	0	0	0	0	0	0	0	0	0	0	0	0	8797818	
173	1	C	2	N	2500	6	40	21	22	1	2	5	0	0	0	0	0	0	0	0	0	0	0	0	8806792	
174	1	C	2	N	2500	0	40	22	25	1	2	2	0	0	0	0	0	0	0	0	0	0	0	0	8807057	
175	1	C	2	N	2500	0	40	241	360	16	21	81	0	0	0	0	0	0	0	0	0	0	0	0	8807353	
176	1	C	2	N	2500	0	40	34	70	3	3	6	0	0	0	0	0	0	0	0	0	0	0	0	8807556	
177	1	C	2	N	2500	0	40	20	17	1	2	7	0	0	0	0	0	0	0	0	0	0	0	0	8810505	
178	1	C	2	N	2500	0	40	376	767	38	42	129	0	0	0	0	0	0	0	0	0	0	0	0	8810676	
179	1	C	2	N	2500	0	40	25	28	1	2	6	0	0	0	0	0	0	0	0	0	0	0	0	8811941	
180	1	C	2	N	2500	0	40	20	20	1	1	2	0	0	0	0	0	0	0	0	0	0	0	0	8812955	
181	1	C	3	N	2500	6	40	24	37	2	2	0	0	0	0	0	0	0	0	0	0	0	0	0	8819633	
182	1	C	3	N	2500	0	40	29	45	2	3	5	0	0	0	0	0	0	0	0	0	0	0	0	8820616	
183	1	C	3	N	2500	0	40	24	25	0	0	1	0	0	0	0	0	0	0	0	0	0	0	0	8820663	
184	1	C	3	N	2500	0	40	30	45	3	5	13	0	0	0	0	0	0	0	0	0	0	0	0	8823691	
185	1	C	3	N	2500	0	40	24	35	1	4	11	0	0	0	0	0	0	0	0	0	0	0	0	8823815	
186	1	C	3	N	2500	0	40	30	49	2	3	8	0	0	0	0	0	0	0	0	0	0	0	0	8823956	
187	1	C	3	N	2500	0	40	117	210	7	6	21	0	0	0	0	0	0	0	0	0	0	0	0	8824252	
188	1	C	3	N	2500	0	40	220	511	28	27	85	0	0	0	0	0	0	0	0	0	0	0	0	8824705	
189	1	C	3	N	2500	0	40	29	36	2	1	2	0	0	0	0	0	0	0	0	0	0	0	0	8825547	
190	1	C	3	N	2500	0	40	25	30	2	3	14	0	0	0	0	0	0	0	0	0	0	0	0	8825750	
191	1	C	3	N	2500	0	40	50	96	6	8	17	0	0	0	0	0	0	0	0	0	0	0	0	8825797	
192	1	C	3	N	2500	0	40	24	38	1	4	14	0	0	0	0	0	0	0	0	0	0	0	0	8826858	
193	1	C	3	N	2500	0	40	267	384	19	13	47	0	0	0	0	0	0	0	0	0	0	0	0	8827233	
194	1	C	4	N	2500	6	40	20	24	1	3	9	0	0	0	0	0	0	0	0	0	0	0	0	8834067	
195	1	C	4	N	2500	0	40	29	39	3	3	5	0	0	0	0	0	0	0	0	0	0	0	0	8834800	
196	1	C	4	N	2500	0	40	298	514	39	21	69	0	0	0	0	0	0	0	0	0	0	0	0	8836922	
197	1	C	4	N	2500	0	40	41	77	5	7	18	0	0	0	0	0	0	0	0	0	0	0	0	8837047	
198	1	C	4	N	2500	0	40	36	87	6	6	9	0	0	0	0	0	0	0	0	0	0	0	0	8837250	
199	1	C	4	N	2500	0	40	22	42	2	10	35	0	0	0	0	0	0	0	0	0	0	0	0	8837390	
200	1	C	4	N	2500	0	40	33	49	3	4	9	0	0	0	0	0	0	0	0	0	0	0	0	8837406	
201	1	C	4	N	2500	0	40	30	39	2	4	14	0	0	0	0	0	0	0	0	0	0	0	0	8839981	
202	1	C	4	N	2500	0	40	27	32	2	5	19	0	0	0	0	0	0	0	0	0	0	0	0	8840901	
203	1	C	4	N	2500	0	40	32	50	3	4	13	0	0	0	0	0	0	0	0	0	0	0	0	8841323	
204	1	C	4	N	2500	0	40	34	41	2	5	13	0	0	0	0	0	0	0	0	0	0	0	0	8841323	
205	1	C	5	N	2500	6	40	127	366	16	15	44	0	0	0	0	0	0	0	0	0	0	0	0	8849000	
206	1	C	5	N	2500	0	40	230	338	14	15	52	0	0	0	0	0	0	0	0	0	0	0	0	8849218	
207	1	C	5	N	2500	0	40	36	70	4	6	15	0	0	0	0	0	0	0	0	0	0	0	0	8849983	
208	1	C	5	N	2500	0	40	38	41	3	6	18	0	0	0	0	0	0	0	0	0	0	0	0	8850374	
209	1	C	5	N	2500	0	40	63	92	5	14	55	0	0	0	0	0	0	0	0	0	0	0	0	8851590	
210	1	C	5	N	2500	0	40	25	27	1	4	16	0	0	0	0	0	0	0	0	0	0	0	0	8851684	
211	1	C	5	N	2500	0	40	27	37	2	3	9	0	0	0	0	0	0	0	0	0	0	0	0	8851918	
212	1	C	5	N	2500	0	40	37	58	3	3	10	0	0	0	0	0	0	0	0	0	0	0	0	8851980	
213	1	C	5	N	2500	0	40	28	43	3	7	19	0	0	0	0	0	0	0	0	0	0	0	0	8852261	
214	1	C	5	N	2500	0	40	44	61	4	6	18	0	0	0	0	0	0	0	0	0	0	0	0	8854055	
215	1	C	5	N	2500	0	40	29	35	2	3	10	0	0	0	0	0	0	0	0	0	0	0	0	8854118	
216	1	C	6	N	2500	6	40	34	57	3	4	6	0	0	0	0	0	0	0	0	0	0	0	0	8867038	
217	1	C	6	N	2500	0	40	259	457	23	17	60	0	0	0	0	0	0	0	0	0	0	0	0	8869270	
218	1	C	6	N	2500	0	40	237	343	14	13	57	0	0	0	0	0	0	0	0	0	0	0	0	8869785	
219	1	C	7	N	2500	6	40	312	750	38	38	113	0	0	0	0	0	0	0	0	0	0	0	0	8877087	
220	1	C	7	N	2500	0	40	23	20	0	2	9	0	0	0	0	0	0	0	0	0	0	0	0	8878180	
221	1	C	7	N	2500	0	40	23	39	2	2	0	0	0	0	0	0	0	0	0	0	0	0	0	8878273	
222	1	C	7	N	2500	0	40	398	1042	60	50	145	0	0	0	0	0	0	0	0	0	0	0	0	8878492	
223	1	C	7	N	2500	0	40	411	1147	64	40	83	0	0	0	0	0	0	0	0	0	0	0	0	8879443	
224	1	C	7	N	2500	0	40	402	1194	71	51	118	0	0	0	0	0	0	0	0	0	0	0	0	8880178	
225	1	C	7	N	2500	0	40	358	971	53	55	163	0	0	0	0	0	0	0	0	0	0	0	0	8880412	
226	1	C	7	N	2500	0	40	71	75	2	5	13	0	0	0	0	0	0	0	0	0	0	0	0	8881129	
227	1	C	7	N	2500	0	40	21	29	7	6	7	0	0	0	0	0	0	0	0	0	0	0	0	8882518	
228	1	C	7	N	2500	0	40	25	32	2	2	4	0	0	0	0	0	0	0	0	0	0	0	0	8882518	
229	1	C	7	N	2500	0	40	312	667	30	86	326	0	0	0	0	0	0	0	0	0	0	0	0	8883501	
230	1	C	8	N	2500	6	40	197	307	10	12	35	0	0	0	0	0	0	0	0	0	0	0	0	8890788	
231	1	C	8	N	2500	0	40	28	47	10	12	17	0	0	0	0	0	0	0	0	0	0	0	0	8891817	
232	1	C	8	N	2500	0	40	285	668	35	108	378	0	0	0	0	0	0	0	0	0	0	0	0	8892208	
233	1	C	8	N	2500	0	40	153	548	23	17	28	0	0	0	0	0	0	0	0	0	0	0	0	8892271	
234	1	C	8	N	2500	0	40	25	40	3	5	11	0	0	0	0	0	0	0	0	0	0	0	0	8892551	
235	1	C	8	N	2500	0	40	237	451	21	15	54	0	0	0	0	0	0	0	0	0	0	0	0	8893394	
236	1	C	8	N	2500	0	40	29	29	1	3	9	0	0	0	0	0	0	0	0	0	0	0	0	8893721	
237	1	C	8	N	2500	0	40	33	37	0	2	10	0	0	0	0	0	0	0	0	0	0	0	0	8893893	
238	1	C	8	N	2500	0	40	21	27	2	2	8	0	0	0	0	0	0	0	0	0	0	0	0	8894205	
239	1	C	8	N	2500	0	40	318	678	30	36	120	0	0	0	0	0	0	0	0	0	0	0	0	8896296	
240	1	C	8	N	2500	0	40	25	29	1	1	0	0	0	0	0	0	0	0	0	0	0	0	0	8896827	
241	1	C	8	N	2500	0	40	336	805	41	51	148	0	0	0	0	0	0	0	0	0	0	0	0	8897186	
242	1	C	8	N	2500	0	40	327	678	35	103	341	0	0	0	0	0	0	0	0	0	0	0	0	8897950	
243	1	C	9	N	2500	6	40	78	102	2	8	33	0	0	0	0	0	0	0	0	0	0	0	0	8905222	
244	1	C	9	N	2500	0	40	232	859	57	40	74	0	0	0	0	0	0	0	0	0	0	0	0	8905752	
245	1	C	9	N	2500	0	40	24	39	6	8	12	0	0	0	0	0	0	0	0	0	0	0	0	8907937	
246	1	C	9	N	2500	0	40	376	1002	58	40	107	0	0	0	0	0	0	0	0	0	0	0	0	8909138	
247	1	C	9	N	2500	0	40	23	31	2	5	15	0	0	0	0	0	0	0	0	0	0	0	0	8910495	
248	1	C	9	N	2500	0	40	325	870	49	30	76	0	0	0	0	0	0	0	0	0	0	0	0	8911026	
249	1	C	9	N	2500	0	40	551	1204	74	81	218	0	0	0	0	0	0	0	0	0	0	0	0	8911041	
250	1	C	9	N	2500	0	40	21	20	1	1	1	0	0	0	0	0	0	0	0	0	0	0	0	8911057	
251	1	C	9	N	2500	0	40	278	591	26	27	91	0	0	0	0	0	0	0	0	0	0	0	0	8911260	
252	1	C	9	N	2500	0	40	26	33	0	4	15	0	0	0	0	0	0	0	0	0	0	0	0	8911494	
253	1	C	10	N	2500	6	40	23	25	2	78	180	0	0	0	0	0	0	0	0	0	0	0	0	8920403	
254	1	C	10	N	2500	0	40	21	25	1	0	2	0	0	0	0	0	0	0	0	0	0	0	0	8920699	
255	1	C	10	N	2500	0	40	352	1033	56	29	77	0	0	0	0	0	0	0	0	0	0	0	0	8920933	
256	1	C	10	N	2500	0	40	20	19	1	2	7	0	0	0	0	0	0	0	0	0	0	0	0	8922260	
257	1	C	10	N	2500	0	40	20	30	2	2	4	0	0	0	0	0	0	0	0	0	0	0	0	8923321	
258	1	C	10	N	2500	0	40	32	56	1	2	7	0	0	0	0	0	0	0	0	0	0	0	0	8925303	
259	1	C	10	N	2500	0	40	27	43	14	18	24	0	0	0	0	0	0	0	0	0	0	0	0	8925397	
260	1	C	10	N	2500	0	40	45	114	26	33	57	0	0	0	0	0	0	0	0	0	0	0	0	8925506	
261	1	C	10	N	2500	0	40	78	326	28	36	53	0	0	0	0	0	0	0	0	0	0	0	0	8925771	
262	1	C	11	N	2500	6	40	37	43	47	294	294	0	0	0	0	0	0	0	0	0	0	0	0	8933417	
263	1	C	11	N	2500	0	40	37	58	2	4	12	0	0	0	0	0	0	0	0	0	0	0	0	8935368	
264	1	C	11	N	2500	0	40	400	1201	74	60	192	0	0	0	0	0	0	0	0	0	0	0	0	8935399	
265	1	C	11	N	2500	0	40	24	38	2	1	1	0	0	0	0	0	0	0	0	0	0	0	0	8936507	
266	1	C	11	N	2500	0	40	30	65	2	5	9	0	0	0	0	0	0	0	0	0	0	0	0	8938146	
267	1	C	11	N	2500	0	40	21	28	1	0	1	0	0	0	0	0	0	0	0	0	0	0	0	8938910	
268	1	C	11	N	2500	0	40	25	38	4	4	3	0	0	0	0	0	0	0	0	0	0	0	0	8939784	
269	1	C	11	N	2500	0	40	60	77	14	11	43	0	0	0	0	0	0	0	0	0	0	0	0	8939955	
270	1	C	11	N	2500	0	40	21	26	2	3	8	0	0	0	0	0	0	0	0	0	0	0	0	8940049	
271	1	C	11	N	2500	0	40	22	29	1	3	8	0	0	0	0	0	0	0	0	0	0	0	0	8940331	
272	1	C	12	N	2500	6	40	39	38	1	2	11	0	0	0	0	0	0	0	0	0	0	0	0	8947617	
273	1	C	12	N	2500	0	40	201	394	13	23	61	0	0	0	0	0	0	0	0	0	0	0	0	8948506	
274	1	C	12	N	2500	0	40	301	638	27	146	497	0	0	0	0	0	0	0	0	0	0	0	0	8948740	
275	1	C	12	N	2500	0	40	218	384	15	24	66	0	0	0	0	0	0	0	0	0	0	0	0	8948740	
276	1	C	12	N	2500	0	40	407	1258	76	71	160	0	0	0	0	0	0	0	0	0	0	0	0	8948834	
277	1	C	12	N	2500	0	40	360	1012	48	39	98	0	0	0	0	0	0	0	0	0	0	0	0	8949350	
278	1	C	12	N	2500	0	40	233	975	84	55	80	0	0	0	0	0	0	0	0	0	0	0	0	8950800	
279	1	C	12	N	2500	0	40	241	942	61	62	174	0	0	0	0	0	0	0	0	0	0	0	0	8952611	
280	1	C	12	N	2500	0	40	22	30	1	4	16	0	0	0	0	0	0	0	0	0	0	0	0	8954577	
281	1	D	12	N	2500	6	40	22	20	1	3	15	0	0	0	0	0	0	0	0	0	0	0	0	8961817	
282	1	D	12	N	2500	0	40	130	137	3	10	43	0	0	0	0	0	0	0	0	0	0	0	0	8962519	
283	1	D	12	N	2500	0	40	70	172	11	14	25	0	0	0	0	0	0	0	0	0	0	0	0	8967730	
284	1	D	12	N	2500	0	40	261	491	27	20	62	0	0	0	0	0	0	0	0	0	0	0	0	8967840	
285	1	D	12	N	2500	0	40	45	59	2	3	10	0	0	0	0	0	0	0	0	0	0	0	0	8968464	
286	1	D	12	N	2500	0	40	222	381	14	24	83	0	0	0	0	0	0	0	0	0	0	0	0	8968573	
287	1	D	11	N	2500	6	40	42	50	2	2	11	0	0	0	0	0	0	0	0	0	0	0	0	8977217	
288	1	D	11	N	2500	0	40	21	35	2	2	3	0	0	0	0	0	0	0	0	0	0	0	0	8978184	
289	1	D	11	N	2500	0	40	28	39	2	2	4	0	0	0	0	0	0	0	0	0	0	0	0	8978933	
290	1	D	11	N	2500	0	40	24	42	68	188	188	0	0	0	0	0	0	0	0	0	0	0	0	8980338	
291	1	D	11	N	2500	0	40	25	33	3	5	10	0	0	0	0	0	0	0	0	0	0	0	0	8980744	
292	1	D	11	N	2500	0	40	25	23	1	3	12	0	0	0	0	0	0	0	0	0	0	0	0	8981836	
293	1	D	11	N	2500	0	40	30	35	1	3	9	0	0	0	0	0	0	0	0	0	0	0	0	8981945	
294	1	D	11	N	2500	0	40	28	40	2	1	4	0	0	0	0	0	0	0	0	0	0	0	0	8983381	
295	1	D	11	N	2500	0	40	30	31	0	1	6	0	0	0	0	0	0	0	0	0	0	0	0	8983568	
296	1	D	10	N	2500	6	40	29	47	2	1	4	0	0	0	0	0	0	0	0	0	0	0	0	8991293	
297	1	D	10	N	2500	0	40	254	503	22	17	58	0	0	0	0	0	0	0	0	0	0	0	0	8991496	
298	1	D	10	N	2500	0	40	36	71	7	16	34	0	0	0	0	0	0	0	0	0	0	0	0	8991964	
299	1	D	10	N	2500	0	40	27	40	2	2	2	0	0	0	0	0	0	0	0	0	0	0	0	8992183	
300	1	D	10	N	2500	0	40	20	27	2	5	16	0	0	0	0	0	0	0	0	0	0	0	0	8992385	
301	1	D	10	N	2500	0	40	21	29	1	0	0	0	0	0	0	0	0	0	0	0	0	0	0	8992401	
302	1	D	10	N	2500	0	40	53	86	3	6	25	0	0	0	0	0	0	0	0	0	0	0	0	8993711	
303	1	D	10	N	2500	0	40	27	30	1	1	3	0	0	0	0	0	0	0	0	0	0	0	0	8995850	
304	1	D	10	N	2500	0	40	20	22	3	3	4	0	0	0	0	0	0	0	0	0	0	0	0	8996895	
305	1	D	10	N	2500	0	40	324	658	46	27	86	0	0	0	0	0	0	0	0	0	0	0	0	8997489	
306	1	D	9	N	2500	6	40	29	51	2	2	6	0	0	0	0	0	0	0	0	0	0	0	0	9006461	
307	1	D	9	N	2500	0	40	240	469	27	24	65	0	0	0	0	0	0	0	0	0	0	0	0	9006648	
308	1	D	9	N	2500	0	40	39	47	2	2	9	0	0	0	0	0	0	0	0	0	0	0	0	9006804	
309	1	D	9	N	2500	0	40	32	55	5	7	19	0	0	0	0	0	0	0	0	0	0	0	0	9006897	
310	1	D	9	N	2500	0	40	34	58	3	3	4	0	0	0	0	0	0	0	0	0	0	0	0	9006929	
311	1	D	9	N	2500	0	40	84	321	19	21	46	0	0	0	0	0	0	0	0	0	0	0	0	9008177	
312	1	D	9	N	2500	0	40	87	409	35	30	40	0	0	0	0	0	0	0	0	0	0	0	0	9011001	
313	1	D	9	N	2500	0	40	21	21	1	16	59	0	0	0	0	0	0	0	0	0	0	0	0	9011142	
314	1	D	9	N	2500	0	40	296	584	40	27	93	0	0	0	0	0	0	0	0	0	0	0	0	9011391	
315	1	D	9	N	2500	0	40	23	30	2	3	8	0	0	0	0	0	0	0	0	0	0	0	0	9011968	
316	1	D	8	N	2500	6	40	23	30	2	2	2	0	0	0	0	0	0	0	0	0	0	0	0	9020410	
317	1	D	8	N	2500	0	40	21	34	2	4	11	0	0	0	0	0	0	0	0	0	0	0	0	9021222	
318	1	D	8	N	2500	0	40	23	23	2	2	7	0	0	0	0	0	0	0	0	0	0	0	0	9021425	
319	1	D	8	N	2500	0	40	23	47	2	3	10	0	0	0	0	0	0	0	0	0	0	0	0	9022065	
320	1	D	8	N	2500	0	40	214	455	19	15	39	0	0	0	0	0	0	0	0	0	0	0	0	9022985	
321	1	D	8	N	2500	0	40	27	38	2	3	8	0	0	0	0	0	0	0	0	0	0	0	0	9023281	
322	1	D	8	N	2500	0	40	26	31	2	1	4	0	0	0	0	0	0	0	0	0	0	0	0	9023671	
323	1	D	8	N	2500	0	40	24	31	6	12	31	0	0	0	0	0	0	0	0	0	0	0	0	9023765	
324	1	D	8	N	2500	0	40	25	21	1	2	7	0	0	0	0	0	0	0	0	0	0	0	0	9023952	
325	1	D	8	N	2500	0	40	34	35	1	2	7	0	0	0	0	0	0	0	0	0	0	0	0	9024108	
326	1	D	8	N	2500	0	40	299	622	27	49	163	0	0	0	0	0	0	0	0	0	0	0	0	9024639	
327	1	D	8	N	2500	0	40	53	72	3	4	7	0	0	0	0	0	0	0	0	0	0	0	0	9024795	
328	1	D	7	N	2500	6	40	251	443	18	11	38	0	0	0	0	0	0	0	0	0	0	0	0	9035093	
329	1	D	7	N	2500	0	40	20	19	0	1	5	0	0	0	0	0	0	0	0	0	0	0	0	9035327	
330	1	D	7	N	2500	0	40	20	22	1	1	3	0	0	0	0	0	0	0	0	0	0	0	0	9035576	
331	1	D	7	N	2500	0	40	383	883	42	77	233	0	0	0	0	0	0	0	0	0	0	0	0	9035873	
332	1	D	7	N	2500	0	40	238	510	27	36	124	0	0	0	0	0	0	0	0	0	0	0	0	9036466	
333	1	D	7	N	2500	0	40	324	576	44	20	76	0	0	0	0	0	0	0	0	0	0	0	0	9037168	
334	1	D	7	N	2500	0	40	29	40	1	2	6	0	0	0	0	0	0	0	0	0	0	0	0	9037745	
335	1	D	7	N	2500	0	40	23	27	2	2	6	0	0	0	0	0	0	0	0	0	0	0	0	9037916	
336	1	D	7	N	2500	0	40	20	17	0	1	4	0	0	0	0	0	0	0	0	0	0	0	0	9038696	
337	1	D	7	N	2500	0	40	74	111	5	22	72	0	0	0	0	0	0	0	0	0	0	0	0	9039086	
338	1	D	7	N	2500	0	40	367	708	58	18	51	0	0	0	0	0	0	0	0	0	0	0	0	9039493	
339	1	D	7	N	2500	0	40	42	52	3	4	10	0	0	0	0	0	0	0	0	0	0	0	0	9040179	
340	1	D	7	N	2500	0	40	26	23	1	2	8	0	0	0	0	0	0	0	0	0	0	0	0	9040242	
341	1	D	6	N	2500	6	40	20	26	2	2	7	0	0	0	0	0	0	0	0	0	0	0	0	9048917	
342	1	D	6	N	2500	0	40	178	340	16	23	79	0	0	0	0	0	0	0	0	0	0	0	0	9051617	
343	1	D	6	N	2500	0	40	253	504	21	14	47	0	0	0	0	0	0	0	0	0	0	0	0	9052803	
344	1	D	6	N	2500	0	40	214	340	12	22	72	0	0	0	0	0	0	0	0	0	0	0	0	9053084	
345	1	D	6	N	2500	0	40	30	50	3	2	5	0	0	0	0	0	0	0	0	0	0	0	0	9053442	
346	1	D	6	N	2500	0	40	166	329	13	22	83	0	0	0	0	0	0	0	0	0	0	0	0	9053864	
347	1	D	6	N	2500	0	40	22	18	0	0	2	0	0	0	0	0	0	0	0	0	0	0	0	9054035	
348	1	D	5	N	2500	6	40	47	47	1	4	16	0	0	0	0	0	0	0	0	0	0	0	0	9063259	
349	1	D	5	N	2500	0	40	27	48	4	3	10	0	0	0	0	0	0	0	0	0	0	0	0	9064351	
350	1	D	5	N	2500	0	40	23	35	2	2	7	0	0	0	0	0	0	0	0	0	0	0	0	9064912	
351	1	D	5	N	2500	0	40	39	50	2	4	12	0	0	0	0	0	0	0	0	0	0	0	0	9064912	
352	1	D	5	N	2500	0	40	24	40	3	4	13	0	0	0	0	0	0	0	0	0	0	0	0	9065864	
353	1	D	5	N	2500	0	40	23	20	1	3	10	0	0	0	0	0	0	0	0	0	0	0	0	9065864	
354	1	D	5	N	2500	0	40	40	72	4	5	11	0	0	0	0	0	0	0	0	0	0	0	0	9066910	
355	1	D	5	N	2500	0	40	30	66	87	237	237	0	0	0	0	0	0	0	0	0	0	0	0	9067846	
356	1	D	5	N	2500	0	40	180	358	13	18	51	0	0	0	0	0	0	0	0	0	0	0	0	9067877	
357	1	D	5	N	2500	0	40	28	53	4	3	5	0	0	0	0	0	0	0	0	0	0	0	0	9068205	
358	1	D	4	N	2500	6	40	68	137	9	13	35	0	0	0	0	0	0	0	0	0	0	0	0	9076163	
359	1	D	4	N	2500	0	40	20	21	1	4	17	0	0	0	0	0	0	0	0	0	0	0	0	9078051	
360	1	D	4	N	2500	0	40	32	40	2	2	5	0	0	0	0	0	0	0	0	0	0	0	0	9078051	
361	1	D	4	N	2500	0	40	410	795	63	36	123	0	0	0	0	0	0	0	0	0	0	0	0	9080126	
362	1	D	3	N	2500	6	40	63	230	27	0	1	0	0	0	0	0	0	0	0	0	0	0	0	9089691	
363	1	D	3	N	2500	0	40	23	44	5	0	1	0	0	0	0	0	0	0	0	0	0	0	0	9089722	
364	1	D	3	N	2500	0	40	26	59	8	0	0	0	0	0	0	0	0	0	0	0	0	0	0	9089769	
365	1	D	3	N	2500	0	40	25	37	1	3	10	0	0	0	0	0	0	0	0	0	0	0	0	9093389	
366	1	D	3	N	2500	0	40	24	33	10	13	16	0	0	0	0	0	0	0	0	0	0	0	0	9094076	
367	1	D	3	N	2500	0	40	23	20	0	5	16	0	0	0	0	0	0	0	0	0	0	0	0	9095183	
368	1	D	3	N	2500	0	40	39	42	0	3	15	0	0	0	0	0	0	0	0	0	0	0	0	9095792	
369	1	D	3	N	2500	0	40	36	56	3	7	24	0	0	0	0	0	0	0	0	0	0	0	0	9096729	
370	1	D	2	N	2500	6	40	22	23	2	4	13	0	0	0	0	0	0	0	0	0	0	0	0	9103999	
371	1	D	2	N	2500	0	40	25	32	2	1	2	0	0	0	0	0	0	0	0	0	0	0	0	9104015	
372	1	D	2	N	2500	0	40	20	18	1	2	7	0	0	0	0	0	0	0	0	0	0	0	0	9104218	
373	1	D	2	N	2500	0	40	264	506	21	25	81	0	0	0	0	0	0	0	0	0	0	0	0	9104982	
374	1	D	2	N	2500	0	40	199	473	29	32	93	0	0	0	0	0	0	0	0	0	0	0	0	9105638	
375	1	D	2	N	2500	0	40	127	366	16	27	88	0	0	0	0	0	0	0	0	0	0	0	0	9106106	
376	1	D	2	N	2500	0	40	39	40	1	2	11	0	0	0	0	0	0	0	0	0	0	0	0	9106777	
377	1	D	2	N	2500	0	40	247	421	20	17	64	0	0	0	0	0	0	0	0	0	0	0	0	9106980	
378	1	D	2	N	2500	0	40	224	397	16	25	87	0	0	0	0	0	0	0	0	0	0	0	0	9107479	
379	1	D	2	N	2500	0	40	49	180	286	393	393	0	0	0	0	0	0	0	0	0	0	0	0	9108072	
380	1	D	2	N	2500	0	40	387	725	17	68	261	0	0	0	0	0	0	0	0	0	0	0	0	9108103	
381	1	D	2	N	2500	0	40	141	331	12	17	58	0	0	0	0	0	0	0	0	0	0	0	0	9108744	
382	1	D	2	N	2500	0	40	21	25	2	4	15	0	0	0	0	0	0	0	0	0	0	0	0	9109649	
383	1	D	2	N	2500	0	40	21	27	1	2	2	0	0	0	0	0	0	0	0	0	0	0	0	9109742	
384	1	D	2	N	2500	0	40	34	37	5	206	270	0	0	0	0	0	0	0	0	0	0	0	0	9110085	
385	1	D	2	N	2500	0	40	342	573	34	61	205	0	0	0	0	0	0	0	0	0	0	0	0	9110085	
386	1	D	2	N	2500	0	40	193	284	9	17	71	0	0	0	0	0	0	0	0	0	0	0	0	9110210	
387	1	D	2	N	2500	0	40	20	23	1	1	3	0	0	0	0	0	0	0	0	0	0	0	0	9110397	
388	1	D	1	N	2500	6	40	288	579	22	19	52	0	0	0	0	0	0	0	0	0	0	0	0	9119339	
389	1	D	1	N	2500	0	40	21	31	1	3	10	0	0	0	0	0	0	0	0	0	0	0	0	9120354	
390	1	D	1	N	2500	0	40	210	708	31	54	166	0	0	0	0	0	0	0	0	0	0	0	0	9121602	
391	1	D	1	N	2500	0	40	351	795	36	53	171	0	0	0	0	0	0	0	0	0	0	0	0	9124006	
392	1	D	1	N	2500	0	40	20	27	2	2	3	0	0	0	0	0	0	0	0	0	0	0	0	9124567	
393	1	D	1	N	2500	0	40	32	30	1	5	17	0	0	0	0	0	0	0	0	0	0	0	0	9124770	
394	1	D	1	N	2500	0	40	366	764	37	56	183	0	0	0	0	0	0	0	0	0	0	0	0	9125472	


Threshold source: EXT,  value 50
Min TOF = 20
EXT signal gain 2.0
Green signal gain 3.0
Yellow signal gain 3.0
Red signal gain 3.0
Green PMT voltage 600
Yellow PMT voltage 600
Red PMT voltage 700
Signal multipliers: 5.0,5.0,5.0,5.0
C:\Users\unionbio\Desktop\COPAS Templates\USE for analysis_dauer_columns.csv